14676236 -- offset to be chosen
1580 -- distance from the first input glider not to crush (could be bigger then 1560)
109 90 93 91 90 95 91 91 138 157 96 90 120 91 97 107 90 90 93 90 -- move44
109 90 93 91 90 95 91 91 138 157 96 90 120 91 97 107 90 90 93 90 -- move44
109 90 93 91 90 95 91 91 138 157 96 90 120 91 97 107 90 90 93 90 -- move44
109 90 93 91 90 95 91 91 138 157 96 90 120 91 97 107 90 90 93 90 -- move44
109 90 93 91 90 95 91 91 138 157 96 90 120 91 97 107 90 90 93 90 -- move44
109 90 93 91 90 95 91 91 138 157 96 90 120 91 97 107 90 90 93 90 -- move44
109 90 93 91 90 95 91 91 138 157 96 90 120 91 97 107 90 90 93 90 -- move44
126 102 100 195 90 91 95 98 105 90 101 141 94 159 92 146 99 90 152 139 144 92 161 131 116 101 114 111 112 93 127 98 102 114 107 157 90 90 90 91 91 243 113 139 108 95 127 121 99 257 144 94 218 148 226 111 119 100 95 91 138 289 221 91 105 92 134 118 92 134 142 92 134 106 138 125 201 138 137 219 114 138 125 101 92 163 157 138 161 221 160 138 125 101 100 137 115 148 138 137 219 126 92 134 98 138 125 103 185 129 96 138 137 219 110 92 134 106 138 129 221 164 92 134 93 105 92 134 150 92 134 190 92 134 90 144 132 107 157 92 134 102 92 163 165 138 217 221 152 138 125 93 92 134 142 92 134 134 92 134 118 100 137 115 120 92 134 96 196 128 166 138 129 219 190 92 134 174 92 134 102 100 137 115 105 211 138 121 219 142 92 134 98 144 132 107 93 100 137 115 176 92 134 102 92 134 144 185 129 204 92 134 93 97 92 134 146 138 125 92 93 138 161 219 182 92 163 177 100 137 115 228 138 129 219 90 138 137 221 212 92 134 93 92 101 92 134 166 92 134 130 138 125 92 101 138 145 221 96 138 125 103 196 128 140 196 152 108 206 96 224 96 284 138 125 149 92 134 95 139 138 125 145 138 125 157 92 134 93 101 138 153 221 102 96 92 147 107 138 145 219 126 92 134 94 92 163 237 138 129 219 94 100 137 115 144 96 224 96 260 144 132 107 109 100 137 115 224 92 134 98 138 169 219 94 92 163 211 185 129 136 138 137 219 95 203 138 137 221 93 171 138 125 92 93 138 177 219 104 185 129 112 138 153 221 142 185 129 188 92 134 126 92 163 163 196 128 146 92 134 138 138 125 165 92 134 114 138 125 92 101 138 125 93 92 163 189 138 121 221 204 92 134 166 92 134 134 92 134 102 92 134 93 93 138 137 221 148 92 134 112 185 129 168 138 129 219 166 92 134 93 113 92 134 154 138 249 221 134 196 146 130 238 96 224 96 228 144 132 107 205 92 134 150 92 134 128 185 129 168 144 132 107 193 144 132 107 125 100 137 115 107 105 138 121 219 154 138 145 221 134 185 129 92 92 163 225 92 134 106 138 129 219 90 144 132 107 111 185 129 128 138 125 92 109 138 169 219 104 185 129 108 92 134 106 138 121 219 174 92 134 90 144 132 107 92 107 196 146 130 202 138 129 219 106 138 145 221 124 92 134 98 138 153 221 150 196 136 211 235 138 119 163 339 97 138 121 221 204 92 134 93 97 100 137 115 108 144 132 107 92 93 138 125 101 100 137 115 136 92 134 166 92 134 138 144 132 107 119 185 129 182 185 129 102 196 128 202 92 134 94 92 163 213 138 137 219 128 196 146 130 274 144 132 107 92 92 101 92 134 158 92 134 146 144 132 107 93 100 137 115 107 105 138 125 161 138 153 219 130 138 125 92 91 196 128 142 144 132 107 133 92 134 95 195 138 129 219 126 92 134 160 185 129 128 138 125 92 101 138 125 125 92 134 368 185 129 206 185 129 150 185 129 128 138 161 221 118 185 129 166 185 129 144 138 125 92 101 138 145 219 162 138 125 92 93 138 121 221 204 92 134 93 109 138 137 221 142 185 129 180 92 134 112 96 92 147 90 101 100 137 115 132 144 132 107 92 93 138 145 221 182 185 129 164 92 134 120 185 129 164 92 134 190 92 134 93 97 100 137 115 132 138 161 219 104 96 143 130 93 92 134 168 185 129 148 92 134 112 185 129 288 138 169 219 206 92 134 134 92 134 90 144 132 107 103 96 92 147 175 92 134 134 96 240 96 322 185 129 252 92 134 96 96 92 147 123 138 129 219 93 101 138 121 221 176 138 145 221 104 138 129 219 174 92 134 106 138 125 125 92 134 95 171 138 125 94 113 196 136 211 241 185 129 150 196 147 147 360 138 145 221 100 100 137 115 128 92 134 93 93 138 129 219 136 185 129 164 92 134 142 92 134 128 185 129 180 92 134 104 185 129 156 92 134 112 96 92 147 145 196 152 108 166 92 134 134 92 134 101 133 138 125 153 138 169 221 172 92 134 101 114 96 99 144 132 107 113 138 153 221 222 185 129 128 138 125 141 92 134 90 144 132 107 173 92 134 102 92 134 114 144 132 107 105 138 125 92 109 138 121 219 182 92 134 102 92 134 130 138 125 101 100 137 115 136 92 134 90 144 132 107 97 138 121 221 91 117 138 161 221 91 101 138 125 125 92 134 184 185 129 118 185 129 91 117 138 137 219 134 92 134 128 185 129 152 138 145 221 116 92 134 93 109 138 169 221 128 138 121 219 178 138 125 93 96 240 96 284 138 137 221 204 92 134 110 96 224 96 284 138 137 221 204 92 134 110 96 224 96 284 138 121 221 180 92 134 104 185 129 128 138 125 109 92 134 130 138 125 92 109 138 129 219 98 138 125 117 92 134 134 92 134 93 93 138 161 221 120 138 125 101 100 137 115 144 92 134 96 185 129 172 92 134 93 93 138 161 221 140 92 134 146 138 129 221 110 96 92 147 111 92 134 130 138 137 219 102 92 134 142 92 134 150 92 134 102 92 134 114 144 132 107 121 138 125 117 92 134 90 138 125 92 93 138 161 221 120 138 125 92 93 138 177 221 102 96 92 147 90 97 138 125 197 92 134 102 92 134 95 179 138 185 219 90 138 125 91 180 204 96 91 90 90 91 90 104 121 121 96 99 112 94 102 94 115 231 111 118 91 92 108 129
90
-- let us compile 0 degree e32 e29 b26 e30 e28 e25 (it could be % e32 e29 % b26 % e30 e28 e25)
109 91 93 90 123 91 130 99 153 107 104 133 90 119 90 90 101 172 90 125 90 91 90 90 -- ap=0 +fl=32, ad=23, fs=0
90 109 91 93 91 140 150 111 100 90 90 91 160 90 91 110 91 112 91 137 112 91 91 90 91 123 90 -- ap=23 -fl=-29, ad=-1, fs=0
90 109 90 93 91 90 95 91 91 151 90 91 104 114 90 92 91 120 91 90 91 104 99 90 165 -- ap=22 +fl=26, ad=32, fs=0
98 109 91 94 91 91 124 90 142 90 90 119 91 158 90 147 91 90 90 154 -- ap=54 +fl=30, ad=-25, fs=1
91 109 91 95 125 112 91 121 120 90 90 90 91 90 109 100 90 94 90 112 91 90 138 91 133 90 135 -- ap=29 -fl=-28, ad=26, fs=0
91 109 91 94 91 90 164 91 148 90 90 90 90 115 153 91 92 90 90 91 90 109 109 -- ap=55 -fl=-25, ad=-6, fs=0
90 -- rsg=15248, sg=15248 rad=49 ap=49 sd=0-- forward waits for optimization 
109 90 93 91 90 95 91 91 138 157 96 90 120 91 97 107 90 90 93 90 -- move44
109 90 93 91 90 95 91 91 138 157 96 90 120 91 97 107 90 90 93 286512 -- move44 + final wait
-- 180 degree ignite
109 91 94 91 91 124 91 90 91 91 90 91 90 170 90 99 91 90 90 90 161 91 95 90 -- ignite
109 90 93 91 90 90 90 -- delete
90 -- to continue
109 90 93 91 90 95 91 91 138 157 96 90 120 91 97 107 90 90 93 90 -- move44
109 91 93 91 92 90 97 91 116 91 93 115 90 91 130 90 -- most effective odd move forward to be combined with 44109 90 93 91 90 95 91 91 138 157 96 90 120 91 97 107 90 90 93 90 -- move44
109 90 93 91 90 95 91 91 138 157 96 90 120 91 97 107 90 90 93 90 -- move44
109 90 93 91 90 95 91 91 138 157 96 90 120 91 97 107 90 90 93 90 -- move44
109 90 93 91 90 95 91 91 138 157 96 90 120 91 97 107 90 90 93 90 -- move44
109 90 93 91 90 95 91 91 138 157 96 90 120 91 97 107 90 90 93 90 -- move44
109 90 93 91 90 95 91 91 138 157 96 90 120 91 97 107 90 90 93 90 -- move44
109 90 93 91 90 95 91 91 138 157 96 90 120 91 97 107 90 90 93 90 -- move44
109 90 93 91 90 95 91 91 138 157 96 90 120 91 97 107 90 90 93 90 -- move44
109 90 93 91 90 95 91 91 138 157 96 90 120 91 97 107 90 90 93 90 -- move44
109 90 93 91 90 95 91 91 138 157 96 90 120 91 97 107 90 90 93 90 -- move44
109 90 93 91 90 95 91 91 138 157 96 90 120 91 97 107 90 90 93 90 -- move44
109 90 93 91 90 95 91 91 138 157 96 90 120 91 97 107 90 90 93 90 -- move44
109 90 93 91 90 95 91 91 138 157 96 90 120 91 97 107 90 90 93 90 -- move44
109 90 93 91 90 95 91 91 138 157 96 90 120 91 97 107 90 90 93 90 -- move44
109 90 93 91 90 95 91 91 138 157 96 90 120 91 97 107 90 90 93 90 -- move44
109 90 93 91 90 95 91 91 138 157 96 90 120 91 97 107 90 90 93 90 -- move44
109 90 93 91 90 95 91 91 138 157 96 90 120 91 97 107 90 90 93 90 -- move44
109 90 93 91 90 95 91 91 138 157 96 90 120 91 97 107 90 90 93 90 -- move44
109 90 93 91 90 95 91 91 138 157 96 90 120 91 97 107 90 90 93 90 -- move44
109 90 93 91 90 95 91 91 138 157 96 90 120 91 97 107 90 90 93 90 -- move44
109 90 93 91 90 95 91 91 138 157 96 90 120 91 97 107 90 90 93 90 -- move44
109 90 93 91 90 95 91 91 138 157 96 90 120 91 97 107 90 90 93 90 -- move44
109 90 93 91 90 95 91 91 138 157 96 90 120 91 97 107 90 90 93 90 -- move44
109 90 93 91 90 95 91 91 138 157 96 90 120 91 97 107 90 90 93 90 -- move44
126 102 100 195 90 91 95 98 105 90 101 141 94 159 92 146 99 90 152 139 144 92 161 131 116 101 114 111 112 93 127 98 102 114 107 157 90 90 90 91 91 243 113 139 108 95 127 121 99 257 144 94 218 148 226 111 119 100 95 91 138 289 221 91 105 92 134 118 92 134 142 92 134 106 138 125 201 138 137 219 114 138 125 101 92 163 157 138 161 221 160 138 125 101 100 137 115 148 138 125 93 92 134 114 138 209 219 142 92 134 142 92 134 106 138 125 201 138 137 219 122 138 121 221 128 138 161 219 162 138 137 219 122 138 121 221 128 138 161 219 162 138 137 219 122 138 121 221 128 138 125 129 138 137 221 96 138 137 221 156 92 134 168 185 129 120 138 125 92 97 100 137 115 116 138 125 92 105 100 137 115 128 96 240 96 304 92 134 93 113 92 134 150 92 134 93 97 92 134 192 185 129 192 138 153 219 93 109 138 129 219 130 138 125 94 179 138 169 221 128 138 169 219 152 185 129 142 185 129 136 138 209 219 90 138 137 221 128 144 132 107 109 92 134 166 96 240 96 308 138 121 219 154 138 125 92 101 138 145 221 102 185 129 136 138 121 219 114 138 125 93 100 137 115 124 138 137 221 91 113 92 134 110 100 137 115 208 92 134 158 92 134 93 101 138 125 111 96 92 147 107 138 137 221 156 92 134 95 179 138 281 221 148 92 134 114 138 125 92 113 92 134 206 92 134 112 185 129 112 138 137 219 134 92 134 122 138 137 219 214 92 134 93 105 100 137 115 105 123 144 132 107 223 185 129 148 92 134 134 92 134 166 92 134 93 113 92 134 104 196 128 142 138 153 219 94 92 134 150 92 134 126 92 134 146 144 132 107 141 92 134 118 92 134 150 92 134 128 185 129 188 92 134 208 196 147 147 356 92 134 142 92 134 95 139 138 125 149 92 134 152 185 129 93 179 138 125 189 92 134 102 96 240 96 204 144 132 107 113 144 132 107 92 109 138 169 221 104 138 137 219 120 185 129 91 97 92 134 158 92 134 93 109 138 137 219 90 138 125 125 92 134 134 92 134 106 138 129 219 142 92 134 198 92 134 112 196 136 211 190 105 92 134 98 138 125 125 92 134 142 92 134 142 92 134 134 92 134 134 92 134 95 179 138 177 219 146 138 125 92 101 138 125 117 92 134 142 92 134 114 138 153 221 102 96 92 147 91 138 121 219 174 92 134 96 96 143 130 117 92 134 90 138 125 145 138 125 92 101 138 125 117 96 224 96 298 196 136 211 259 138 121 221 120 138 125 141 96 224 96 264 92 134 98 138 125 125 92 134 168 185 129 150 185 129 164 92 134 128 185 129 198 185 129 96 144 132 107 133 92 134 90 138 125 141 92 134 126 92 134 94 100 137 115 136 92 134 114 138 125 121 138 125 113 138 125 93 100 137 115 136 92 134 126 92 134 126 92 134 126 92 163 177 100 137 115 148 144 132 107 125 92 163 157 138 161 219 112 96 92 147 107 138 125 129 138 125 103 96 92 147 105 96 92 147 90 97 138 125 101 92 134 214 92 134 95 155 138 177 221 120 138 125 133 92 134 110 100 137 115 228 138 125 95 96 92 147 113 96 92 147 95 100 137 115 107 105 138 125 133 92 134 93 109 138 121 221 116 100 137 115 122 96 92 147 119 92 134 110 100 137 115 106 196 128 126 138 125 117 92 163 173 138 209 221 180 92 134 94 100 137 115 130 185 129 152 138 125 149 92 134 93 113 92 134 134 92 134 136 196 152 108 93 113 92 134 94 92 134 182 92 134 146 138 125 111 96 92 147 143 92 134 93 97 92 134 142 92 134 198 92 134 122 138 125 149 92 134 166 92 134 112 96 92 147 127 92 134 152 185 129 190 185 129 220 92 134 130 138 125 125 92 134 136 185 129 220 92 134 98 138 161 221 120 138 125 101 92 163 233 92 134 90 138 145 221 100 100 137 115 112 92 163 273 96 240 96 276 138 121 221 91 101 138 125 127 196 152 108 174 96 240 96 236 138 125 189 92 134 112 185 129 96 138 125 113 138 153 219 150 92 134 93 101 138 185 221 110 185 129 204 96 240 96 212 138 193 219 102 92 134 118 100 137 115 148 144 132 107 95 96 92 147 131 138 125 95 185 129 228 92 134 106 138 125 103 96 92 147 123 138 153 219 166 92 134 106 138 125 93 92 134 90 144 132 107 157 92 134 94 100 137 115 130 185 129 172 92 134 114 138 125 133 92 134 93 101 138 125 177 138 145 219 150 92 134 95 147 138 153 219 136 196 136 211 343 92 134 106 138 125 92 113 92 134 166 92 134 126 92 134 93 108 101 92 134 138 138 125 109 92 134 114 138 145 219 214 96 224 96 240 92 134 101 120 120 155 196 152 108 136 185 129 158 185 129 156 92 134 138 138 125 94 107 138 193 219 118 92 134 102 100 137 115 136 100 137 115 112 92 134 134 92 134 114 144 132 107 173 92 134 95 143 92 134 134 92 134 182 92 134 126 92 134 142 92 134 142 92 134 126 92 134 214 92 134 134 92 134 174 92 134 95 147 138 233 219 93 93 138 137 221 144 138 177 221 91 99 196 146 130 270 92 134 150 92 134 95 179 138 125 189 92 134 93 101 138 125 113 138 125 92 90 91 138 169 221 104 138 125 92 93 138 177 219 126 92 134 94 92 163 251 196 152 108 98 138 137 221 91 117 138 177 219 90 138 169 221 96 144 132 107 101 92 134 102 92 134 93 101 138 169 219 94 92 134 95 163 138 129 219 134 92 134 146 138 137 219 106 144 132 107 92 93 138 257 219 114 138 169 219 93 93 138 125 125 92 134 128 185 129 128 138 169 221 93 167 92 134 138 138 125 94 107 138 121 219 114 138 125 197 92 134 96 96 92 147 151 92 134 118 92 134 178 138 121 219 114 138 125 197 92 134 96 96 92 147 151 92 134 118 92 134 222 92 134 126 92 134 134 92 134 154 138 125 92 113 92 134 114 138 125 92 109 138 537 219 106 138 129 221 172 92 134 166 92 134 166 92 134 106 138 153 221 120 138 121 219 130 144 132 107 247 196 152 108 190 92 134 146 138 125 92 109 138 185 221 136 138 125 103 185 129 220 92 134 104 185 129 156 92 134 178 138 313 219 98 138 185 221 136 138 125 103 185 129 220 92 134 104 185 129 156 92 134 178 138 313 219 98 138 185 221 136 138 125 103 185 129 220 92 134 104 185 129 156 92 134 178 138 313 219 158 96 240 96 280 92 134 194 138 125 103 185 129 308 92 134 106 138 125 159 196 171 212 151 144 132 107 215 185 129 188 92 134 93 93 138 145 221 232 138 169 219 136 196 152 108 114 138 121 219 95 139 138 169 221 93 163 138 145 219 94 92 134 93 101 138 177 219 136 196 136 211 283 138 125 113 138 177 221 104 138 125 105 138 125 103 96 143 130 343 185 129 136 138 125 217 138 153 221 93 203 138 201 219 162 138 145 219 95 203 138 185 221 104 144 132 107 95 196 136 211 263 92 134 96 196 128 158 138 125 157 92 134 93 93 138 129 219 142 92 134 128 185 129 128 138 125 125 92 134 128 185 129 128 138 125 109 92 134 154 138 125 103 96 143 130 113 138 125 94 119 100 137 115 128 92 134 110 92 134 126 92 134 134 92 134 144 185 129 118 185 129 108 92 134 152 196 136 211 335 92 134 258 138 177 221 136 138 125 129 138 125 92 105 100 137 115 107 95 96 143 130 97 144 132 107 169 138 125 93 92 134 96 96 92 147 90 117 92 134 146 138 129 221 204 96 240 96 416 92 134 90 138 121 221 238 196 152 108 114 138 125 101 92 163 353 92 134 102 100 137 115 228 138 125 93 92 134 114 138 241 221 91 101 138 177 221 200 138 125 93 92 134 114 138 241 221 112 138 185 219 152 185 129 124 100 137 115 168 92 134 206 92 134 122 138 137 219 112 185 129 136 138 125 92 101 138 125 109 96 224 96 340 138 145 219 142 92 134 104 196 128 156 185 129 200 138 125 103 185 129 104 138 121 221 212 92 134 138 138 125 149 92 134 152 185 129 94 185 129 232 138 121 219 93 93 138 125 93 92 163 181 144 132 107 92 113 100 137 115 128 92 134 98 138 125 125 92 134 142 96 240 96 338 196 152 108 106 138 121 221 91 117 138 161 221 164 92 134 142 92 134 134 92 134 102 92 134 158 92 134 90 144 132 107 92 117 138 217 219 114 144 132 107 92 99 185 129 144 138 137 221 172 92 134 94 100 137 115 138 196 146 130 310 92 134 112 96 143 130 111 185 129 144 138 125 101 92 163 241 92 134 134 92 134 158 92 134 93 101 138 121 221 96 138 125 133 92 134 146 144 132 107 94 131 144 132 107 92 109 138 161 221 124 92 134 158 92 134 118 92 134 102 96 240 96 312 96 240 96 200 92 134 98 144 132 107 101 92 134 95 96 115 138 125 113 138 125 97 138 125 129 138 125 101 100 137 115 122 96 92 147 103 92 134 250 138 125 117 92 134 95 123 138 125 149 92 134 93 93 138 125 103 185 129 252 92 134 122 138 125 137 138 137 221 104 138 125 157 92 134 104 196 128 142 138 119 163 348 138 153 221 160 144 132 107 117 92 134 174 92 134 126 92 134 102 92 134 95 95 92 163 241 92 134 128 185 129 204 92 134 106 138 125 92 93 138 161 219 144 196 146 130 206 100 137 115 124 138 209 219 218 138 125 101 92 163 197 138 125 189 92 134 120 185 129 276 92 134 112 185 129 174 185 129 144 144 132 107 94 163 138 129 221 160 138 125 109 92 134 98 138 125 103 185 129 144 138 153 221 206 196 152 108 90 138 145 219 162 138 119 163 336 100 137 115 128 100 137 115 140 138 169 219 198 92 134 96 96 92 147 90 117 92 134 154 138 125 93 92 163 253 138 145 221 93 171 138 129 219 93 99 96 143 130 101 92 134 110 92 134 98 138 153 221 120 138 125 94 179 138 137 221 136 138 125 101 92 134 166 92 134 94 100 137 115 172 144 132 107 121 144 132 107 113 144 132 107 92 99 185 129 144 138 137 221 172 92 134 94 100 137 115 120 100 137 115 248 92 134 98 138 125 117 92 134 158 92 134 126 96 224 96 216 92 134 93 93 138 161 221 140 92 134 122 138 145 219 106 138 137 221 116 92 163 161 92 163 169 92 134 94 100 137 115 124 138 125 125 92 134 93 113 100 137 115 105 159 92 134 178 138 137 221 160 138 217 219 126 92 134 182 92 134 96 185 129 152 138 125 92 101 138 125 125 92 134 114 138 125 161 138 125 153 138 125 97 138 125 94 171 138 137 221 188 92 134 93 113 100 137 115 180 138 129 219 114 138 177 219 104 96 92 147 90 117 92 163 157 138 145 219 166 92 134 95 155 144 132 107 117 100 137 115 138 185 129 93 91 138 161 221 156 92 134 126 92 134 98 144 132 107 165 92 134 118 100 137 115 116 144 132 107 94 139 144 132 107 223 185 129 172 92 134 126 92 134 106 138 125 97 138 125 93 92 134 106 138 161 221 108 100 137 115 120 92 134 93 90 95 92 134 102 92 134 166 92 134 198 92 134 206 92 134 114 138 121 219 126 92 134 166 92 134 126 92 134 96 196 128 93 113 138 153 219 146 138 177 219 114 138 129 221 152 138 125 94 155 144 132 107 101 100 137 115 140 138 129 221 148 92 134 93 105 92 134 138 138 145 219 102 100 137 115 108 138 121 219 93 97 92 134 94 92 163 181 144 132 107 141 92 134 166 92 134 114 144 132 107 94 163 144 132 107 199 185 129 94 185 129 112 144 132 107 181 92 134 106 138 125 129 138 125 97 138 125 109 92 134 95 171 138 161 221 144 138 137 219 110 92 134 162 138 153 221 276 92 134 114 138 125 165 92 134 96 185 129 152 144 132 107 113 144 132 107 92 91 196 128 142 138 125 101 92 134 150 92 134 136 185 129 140 92 134 138 138 125 105 138 121 221 112 138 137 221 172 92 134 94 100 137 115 122 185 129 104 138 125 117 92 134 230 92 134 90 138 121 221 124 92 134 198 92 134 114 138 121 219 192 185 129 100 92 134 93 105 100 137 115 132 144 132 107 129 138 153 221 156 92 134 93 109 138 145 219 154 138 125 92 101 138 125 105 138 153 221 110 96 92 147 151 92 134 182 92 134 214 92 134 142 92 134 90 138 153 221 110 96 92 147 191 92 134 95 96 127 92 134 102 92 134 158 92 134 118 92 134 93 109 138 121 219 142 92 134 158 96 240 96 164 144 132 107 94 171 144 132 107 97 138 125 111 96 143 130 92 101 138 125 97 138 193 221 104 138 125 97 138 121 221 104 138 121 221 136 138 137 221 91 113 92 134 95 191 92 163 173 138 129 219 90 138 125 92 101 138 125 97 138 125 92 93 138 153 221 148 92 134 230 92 163 169 100 137 115 128 92 134 93 115 196 152 108 93 100 101 92 134 98 138 137 221 91 113 100 137 115 130 185 129 91 109 138 153 221 92 92 134 118 92 134 102 100 137 115 114 96 92 147 95 92 134 126 92 134 114 138 125 92 105 92 134 176 185 129 104 138 125 221 92 134 95 171 138 125 92 105 100 137 115 156 138 125 103 196 128 314 92 134 102 92 134 158 92 134 104 185 129 120 144 132 107 113 144 132 107 149 92 134 106 138 137 219 93 113 92 134 98 138 137 221 91 113 100 137 115 130 185 129 91 93 138 125 113 138 153 221 100 92 134 93 109 138 145 219 134 92 134 94 92 163 165 144 132 107 189 92 134 101 120 133 138 125 109 92 134 134 92 134 94 92 163 165 144 132 107 189 92 134 101 120 133 138 125 109 92 134 130 138 125 149 92 134 144 185 129 112 138 125 117 92 134 122 138 129 219 114 138 145 221 108 92 134 93 101 138 125 109 92 134 154 138 125 92 99 96 143 130 94 115 138 169 221 196 92 134 162 138 125 93 92 134 230 92 134 130 138 125 133 92 134 160 185 129 220 92 134 104 96 92 147 115 138 241 219 110 92 134 270 92 134 104 96 92 147 99 138 121 221 248 138 125 101 92 134 158 92 134 93 101 138 257 219 93 97 100 137 115 105 115 144 132 107 97 138 153 221 132 92 134 104 185 129 208 138 125 159 196 152 108 142 96 224 96 151 97 92 134 93 90 91 138 125 92 105 92 134 90 138 125 93 92 163 165 138 201 219 222 92 134 95 139 138 125 103 96 92 147 96 139 138 125 125 92 134 93 113 100 137 115 162 185 129 92 92 163 177 92 134 94 92 163 203 185 129 168 144 132 107 92 113 92 134 95 163 138 125 125 92 134 93 113 100 137 115 162 185 129 92 92 163 177 92 134 138 138 119 163 338 96 92 147 151 96 224 96 192 92 134 94 92 163 221 138 125 92 91 196 128 146 92 134 130 138 201 219 118 92 134 101 120 120 114 96 96 96 96 96 96 96 151 92 134 208 225 137 148 106 102 90 160 102 90 208 201 311 201 167 102 90 240 201 168 95 217 129 93 217 201 271 102 90 216 201 327 201 183 159 122 95 208 102 90 184 102 90 120 201 203 170 94 92 200 102 90 176 201 271 102 90 160 201 263 102 90 176 201 207 102 90 160 201 271 201 191 159 122 95 112 159 122 95 160 159 122 95 136 102 90 93 99 217 129 93 105 217 129 93 90 95 201 239 201 203 170 94 92 136 102 90 192 102 90 112 159 122 95 112 159 122 95 95 177 159 122 95 280 102 90 152 102 90 184 102 90 256 201 279 201 187 170 94 92 104 217 129 93 113 102 90 160 102 90 152 102 90 144 102 90 116 170 94 92 112 159 122 95 168 201 223 102 90 204 170 94 92 208 102 90 108 170 94 92 160 201 271 102 90 100 170 94 92 296 201 223 159 122 95 176 102 90 105 103 159 122 95 112 159 122 95 112 159 122 95 101 120 120 120 120 120 120 120 120 120 120 120 120 120 120 120 120 120 120 120 120 321 92 163 173 138 129 219 142 92 134 166 92 134 120 185 129 140 92 134 98 138 153 221 102 185 129 128 138 125 94 163 138 125 105 138 145 221 120 138 125 100 120 120 120 120 120 120 120 120 120 120 120 120 185 92 134 95 141 148 106 174 201 255 201 275 170 94 92 124 170 94 92 116 170 94 92 95 169 159 122 95 200 201 263 201 263 102 90 160 201 175 159 122 95 93 99 102 90 3048 225 137 148 106 102 136 123 251 170 94 92 152 201 287 102 90 152 201 231 159 122 95 93 99 159 122 95 168 102 90 152 102 90 160 102 90 160 102 90 192 201 247 102 90 120 102 90 136 102 90 136 102 136 123 239 201 335 201 223 201 343 102 90 160 102 90 248 201 287 102 90 136 102 136 123 239 201 335 201 223 201 343 102 90 160 102 90 248 201 287 102 90 160 102 90 160 102 90 192 201 247 102 90 120 102 90 136 102 90 160 102 90 216 201 255 102 90 200 201 295 102 90 176 102 90 160 102 90 216 201 255 102 90 200 201 295 102 90 176 102 90 176 201 287 201 168 95 217 129 93 169 102 90 104 201 295 201 271 201 287 102 90 128 102 90 208 102 90 168 102 90 152 102 90 264 201 279 201 335 201 191 159 122 95 240 201 215 201 263 201 168 103 102 90 152 201 311 201 287 201 255 102 90 168 102 90 136 201 191 102 90 128 102 90 200 201 271 102 90 216 201 271 201 231 201 303 201 279 201 231 201 319 201 255 159 122 95 168 159 122 95 140 170 94 92 160 102 90 168 201 271 102 90 168 102 90 124 170 94 92 136 201 255 159 122 95 96 102 90 184 201 279 201 247 102 90 136 201 231 102 90 156 170 94 92 200 102 90 200 102 90 160 201 311 102 90 264 201 319 201 171 170 94 92 208 201 303 102 90 108 170 94 92 216 201 259 170 94 92 95 121 212 96 108 105 233 94 159 122 95 216 201 255 102 90 184 201 287 201 263 201 279 102 90 93 91 159 122 95 128 159 122 95 93 91 159 122 95 160 102 90 160 201 195 170 94 92 200 102 90 93 99 159 122 95 104 159 122 95 140 170 94 92 160 159 122 95 192 102 90 152 102 90 120 102 90 168 102 136 123 263 102 90 148 170 94 92 96 159 122 95 160 201 239 102 90 128 102 90 96 102 90 200 102 90 176 201 168 95 159 122 95 93 99 105 233 182 102 90 160 102 90 224 201 223 159 122 95 148 170 94 92 96 217 129 93 161 201 255 201 287 102 90 112 105 233 150 102 90 144 102 90 256 102 90 93 115 201 295 201 219 170 94 92 93 115 102 90 200 201 227 170 94 92 232 201 168 103 217 129 93 217 201 255 102 90 216 201 231 201 255 102 90 128 201 207 159 122 95 164 170 94 92 93 99 159 122 95 152 201 255 102 90 188 170 94 92 176 102 90 92 170 94 92 112 102 90 224 201 263 201 231 102 90 208 201 239 102 90 93 99 217 129 93 145 201 255 102 90 256 159 122 95 95 153 159 122 95 168 102 90 184 201 287 201 174 201 102 90 168 102 90 160 102 90 104 217 129 93 97 201 191 105 233 142 201 215 102 90 168 102 90 232 201 239 201 183 201 203 170 94 92 160 201 295 102 90 93 91 105 233 110 201 223 159 122 95 144 201 247 102 90 232 201 367 102 90 160 201 168 167 212 96 140 159 122 95 120 159 122 95 108 170 94 92 112 159 122 95 148 170 94 92 96 217 129 93 145 102 90 160 201 211 170 94 92 184 201 263 102 90 136 201 295 201 207 159 122 95 128 201 279 201 271 102 90 124 170 94 92 104 102 90 176 102 90 144 159 122 95 184 201 287 102 90 92 170 94 92 128 201 199 201 235 170 94 92 200 201 303 201 279 201 183 201 295 102 90 93 115 105 233 110 105 233 118 102 90 232 201 311 102 90 200 201 359 102 90 184 102 136 123 211 170 94 92 168 201 295 201 319 102 90 192 102 90 184 201 295 102 90 96 159 122 95 176 201 303 102 90 116 170 94 92 240 201 203 170 94 92 93 91 102 90 104 159 122 95 256 102 90 93 99 159 122 95 224 201 287 102 90 176 102 90 95 169 159 122 95 216 102 90 216 201 271 201 175 201 247 102 90 93 99 159 122 95 128 102 90 184 201 367 201 247 102 90 112 102 90 232 201 287 159 122 95 200 201 191 159 122 95 184 201 295 201 203 170 94 92 192 201 271 201 174 161 159 122 95 168 102 90 184 201 287 201 191 102 90 192 201 311 102 90 168 102 90 200 102 90 184 201 203 170 94 92 208 102 90 136 102 90 128 102 90 96 159 122 95 112 105 233 142 102 90 172 170 94 92 93 91 159 122 95 192 102 90 192 201 271 102 90 95 117 170 94 92 160 201 251 170 94 92 184 102 90 136 102 90 128 159 122 95 124 170 94 92 112 201 231 102 90 176 201 211 170 94 92 216 102 90 104 102 90 152 102 90 96 102 90 144 102 90 208 102 90 320 102 90 212 170 94 92 188 170 94 92 212 170 94 92 268 170 94 92 176 201 219 170 94 92 176 102 90 104 217 129 93 129 201 167 159 122 95 168 159 122 95 112 102 90 192 201 271 201 219 170 94 92 184 102 90 112 159 122 95 96 217 129 93 113 102 90 95 93 164 182 133 93 159 122 95 92 170 94 92 176 102 90 105 103 159 122 95 112 159 122 95 112 105 233 198 201 227 170 94 92 160 159 122 95 95 93 164 182 133 93 217 129 93 185 102 90 184 201 191 159 122 95 152 102 90 192 201 259 170 94 92 208 201 215 102 90 240 201 263 102 90 172 170 94 92 288 201 351 201 279 201 247 201 223 159 122 95 128 159 122 95 204 170 94 92 160 102 136 123 195 170 94 92 93 123 212 96 156 159 122 95 160 102 90 160 102 136 123 263 201 319 201 203 170 94 92 93 115 102 90 216 102 90 208 201 255 201 311 201 271 102 90 136 102 90 112 102 90 104 217 129 93 90 103 105 233 102 159 122 95 104 217 129 93 90 119 102 90 240 102 90 136 102 90 168 102 90 104 105 233 142 102 90 200 102 90 112 105 233 198 201 183 159 122 95 148 170 94 92 184 102 90 176 102 136 123 295 102 90 120 102 90 200 102 90 95 177 159 122 95 168 102 90 176 201 247 102 90 132 170 94 92 152 102 136 123 255 102 90 164 170 94 92 208 102 90 108 170 94 92 124 170 94 92 296 159 122 95 128 102 90 160 102 90 200 102 90 112 105 233 166 102 90 96 159 122 95 128 159 122 95 140 170 94 92 168 201 483 170 94 92 216 201 175 159 122 95 160 102 90 96 217 129 93 90 95 159 122 95 172 170 94 92 192 201 174 169 159 122 95 200 201 231 102 90 120 159 122 95 120 102 90 144 201 355 170 94 92 224 201 215 201 183 201 287 102 90 92 170 94 92 96 105 233 110 105 233 91 99 159 122 95 96 159 122 95 208 201 279 201 219 170 94 92 216 102 90 136 102 90 112 159 122 95 96 217 129 93 90 111 201 295 102 90 176 159 122 95 152 201 211 170 94 92 200 102 90 156 170 94 92 128 102 90 168 102 90 154 90 220 134 90 96 123 232 97 178 92 174 94 94 134 224 121 120 93 93 160 93 163 136 120 120 120 120 120 120 120 120 120 120 120 120 120 120 120 120 120 120 120 120 120 120 120 120 120 120 120 120 120 120 120 120 120 120 120 120 120 120 120 120 120 120 120 120 120 120 120 120 120 120 120 120 120 120 120 120 120 120 120 120 120 120 120 120 120 120 120 120 120 120 120 120 120 120 120 120 120 120 120 120 120 120 120 120 120 120 120 120 120 120 120 120 120 120 120 120 120 120 120 120 120 120 120 120 120 120 120 120 120 120 120 120 120 120 120 120 120 120 120 120 120 120 120 120 120 120 120 120 120 120 120 120 120 120 120 120 120 120 120 120 120 120 120 120 120 120 120 120 120 120 120 120 120 120 120 120 120 120 120 120 120 120 120 120 120 120 120 120 120 120 120 120 120 120 120 120 120 120 120 120 120 120 120 120 120 120 120 120 120 120 120 120 120 120 120 120 120 120 120 120 120 120 120 120 120 120 120 120 120 120 120 120 120 120 120 120 120 120 120 120 120 120 120 120 120 120 120 120 120 120 120 120 120 120 120 120 120 120 120 120 120 120 120 120 120 120 120 120 120 120 120 120 120 120 120 120 120 120 120 120 120 120 120 120 120 120 120 120 120 120 120 120 120 120 120 120 120 120 120 120 120 120 120 120 120 120 120 120 120 120 120 120 120 120 120 120 120 120 120 120 120 120 120 120 120 120 120 120 120 120 120 120 120 120 120 120 120 120 120 120 120 120 120 120 120 120 120 120 120 120 120 120 120 120 120 120 120 120 120 120 120 120 120 120 120 120 120 120 120 120 120 120 120 120 120 120 120 120 120 120 120 120 120 120 120 120 120 120 120 120 120 120 120 120 120 120 120 120 120 120 120 120 120 120 120 120 120 120 120 120 120 120 120 120 120 120 120 120 120 120 120 120 120 120 120 120 120 120 120 120 120 120 120 120 120 120 120 120 120 120 120 120 120 120 120 120 120 120 120 120 120 120 120 120 120 120 120 120 120 120 120 120 120 120 120 120 120 120 120 120 120 120 120 120 120 120 120 120 120 120 120 120 120 120 120 120 120 120 120 120 120 120 120 120 120 120 120 120 120 120 120 120 120 120 120 120 120 120 120 120 120 120 120 120 120 120 120 120 120 120 120 120 120 120 120 120 120 120 120 120 120 120 120 120 120 120 120 120 120 120 120 120 120 120 120 120 120 120 120 120 120 120 120 120 120 120 120 120 120 120 120 120 120 120 120 120 120 120 120 120 120 120 120 120 120 120 120 120 120 120 120 120 120 120 120 120 120 120 120 120 120 120 120 120 120 120 120 120 120 120 120 120 120 120 120 120 120 120 120 120 120 120 120 120 120 120 120 120 120 120 120 120 120 120 120 120 120 120 120 120 120 120 120 120 120 120 120 120 120 120 120 120 120 120 120 120 120 120 120 120 120 120 120 120 120 120 120 120 120 120 120 120 120 120 120 120 120 120 120 120 120 120 120 120 120 120 120 120 120 120 120 120 120 120 120 120 120 120 120 120 120 120 120 120 120 120 120 120 120 120 120 120 120 120 120 120 120 120 120 120 120 120 120 120 120 120 120 120 120 120 120 120 120 120 120 120 120 120 120 120 120 120 120 120 120 120 120 120 120 120 120 120 120 120 120 120 120 120 120 120 120 120 120 120 120 120 120 120 120 120 120 120 120 120 120 120 120 120 120 120 120 120 120 120 120 120 120 120 120 120 120 120 120 120 120 120 120 120 120 120 120 120 120 120 120 120 120 120 120 120 120 120 120 120 120 120 120 120 120 120 120 120 120 120 120 120 120 120 120 120 120 120 120 120 120 120 120 120 120 120 120 120 120 120 120 120 120 120 120 120 120 120 120 120 120 120 120 120 120 120 120 120 120 120 120 120 120 120 120 120 120 120 120 120 120 120 120 120 120 120 120 120 120 120 120 120 120 120 120 120 120 120 120 120 120 120 120 120 120 120 120 120 120 120 120 120 120 120 120 120 120 120 120 120 120 120 120 120 120 120 120 120 120 120 120 120 120 120 120 120 120 120 120 120 120 120 120 120 120 120 120 120 120 120 120 120 120 120 120 120 120 120 120 114 96 96 96 96 96 96 96 96 96 96 96 96 96 96 96 167 92 134 98 138 125 101 92 134 102 92 134 162 138 125 92 117 138 201 221 140 92 134 101 120 120 120 120 120 120 120 120 120 120 120 120 120 120 120 120 120 120 120 120 120 120 120 120 120 120 120 120 120 120 120 120 120 120 120 120 120 120 120 120 120 120 120 120 120 120 120 120 120 120 120 120 120 120 120 120 120 120 120 120 120 120 120 120 120 120 120 120 120 120 120 120 120 120 120 120 120 120 120 120 120 120 120 120 120 120 120 120 120 120 120 120 120 120 120 120 120 120 120 120 120 120 120 120 120 120 120 120 120 120 120 120 120 120 120 120 120 120 120 120 120 120 120 120 120 120 120 120 120 120 120 120 120 120 120 120 120 120 120 120 120 120 120 120 120 120 120 120 120 120 120 120 120 120 120 120 120 120 120 120 120 120 120 120 120 120 120 120 120 120 120 120 120 120 120 120 120 120 120 120 120 120 120 120 120 120 120 120 120 120 120 120 120 120 120 120 120 120 120 120 120 120 120 120 120 120 120 120 120 120 120 120 120 120 120 120 120 120 120 120 120 120 120 120 120 120 120 120 120 120 120 120 120 120 120 120 120 120 120 120 120 120 120 120 120 120 120 120 120 120 120 120 120 120 120 120 120 120 120 120 120 120 120 120 120 120 120 120 120 120 120 120 120 120 120 120 120 120 120 120 120 120 120 120 120 120 120 120 120 120 120 120 120 120 120 120 120 120 120 120 120 120 120 120 120 120 120 120 120 120 120 120 120 120 120 120 120 120 120 120 120 120 120 120 120 120 120 120 120 120 120 120 120 120 120 120 120 120 120 120 120 120 120 120 120 120 120 120 120 120 120 120 120 120 120 120 120 120 120 120 120 120 120 120 120 120 120 120 120 120 120 120 120 120 120 120 120 120 120 120 120 120 120 120 120 120 120 120 120 120 120 120 120 120 120 120 120 120 120 120 120 120 120 120 120 120 120 120 120 120 120 120 120 120 120 120 120 120 120 120 120 120 120 120 120 120 120 120 120 120 120 120 120 120 120 120 120 120 120 120 120 120 120 120 120 120 120 120 120 120 120 120 120 120 120 120 120 120 120 120 120 120 120 120 120 120 120 120 120 120 120 120 120 120 120 120 120 120 120 120 120 120 120 120 120 120 120 120 120 120 120 120 120 120 120 120 120 120 120 120 120 120 120 120 120 120 120 120 120 120 120 120 120 120 120 120 120 120 120 120 120 120 120 120 120 120 120 120 120 120 120 120 120 120 120 120 120 120 120 120 120 120 120 120 120 120 120 120 120 120 120 120 120 120 120 120 120 120 120 120 120 120 120 120 120 120 120 120 120 120 120 120 120 120 120 120 120 120 120 120 120 120 120 120 120 120 120 120 120 120 120 120 120 120 120 120 120 120 120 120 120 120 120 120 120 120 120 120 120 120 120 120 120 120 120 120 120 120 120 120 120 120 120 120 120 120 120 120 120 120 120 120 120 120 120 120 120 120 120 120 120 120 120 120 120 120 120 120 120 120 120 120 120 120 120 120 120 120 120 120 120 120 120 120 120 120 120 120 120 120 120 120 120 120 120 120 120 120 120 120 120 120 120 120 120 120 120 120 120 120 120 120 120 120 120 120 120 120 120 120 120 120 120 120 120 120 120 120 120 120 120 120 120 120 120 120 120 120 120 120 120 120 120 120 120 120 120 120 120 120 120 120 120 120 120 120 120 120 120 120 120 120 120 120 120 120 120 120 120 120 120 120 120 120 120 120 120 120 120 120 120 120 120 120 120 120 120 120 120 120 120 120 120 120 120 120 120 120 120 120 120 120 120 120 120 120 120 120 120 120 120 120 120 120 120 120 120 120 120 120 120 120 120 120 120 120 120 120 120 120 120 120 120 120 120 120 120 120 120 120 120 120 120 120 120 120 120 120 120 120 120 120 120 120 120 120 120 120 120 120 120 120 120 120 120 120 120 120 120 120 120 120 120 120 120 120 120 120 120 120 120 120 120 120 120 120 120 120 120 120 120 120 120 120 120 120 120 120 120 120 120 120 120 120 120 120 120 120 120 120 120 120 120 120 120 120 120 120 120 120 120 120 120 120 120 120 120 120 120 120 120 120 120 120 120 120 120 120 120 120 120 120 120 120 120 120 120 120 120 120 120 120 120 120 120 120 120 120 120 120 120 120 120 120 120 120 120 120 120 120 120 120 120 120 120 120 120 120 120 120 120 120 120 120 120 120 120 120 120 120 120 120 120 120 120 120 120 120 120 120 120 120 120 120 120 120 120 120 120 120 120 120 120 120 120 120 120 120 120 120 120 120 120 120 120 120 120 120 120 120 120 120 120 120 120 120 120 120 120 120 120 120 120 120 120 120 120 120 120 120 120 120 120 120 120 120 120 120 120 120 120 120 120 120 120 120 120 120 120 120 120 120 120 120 120 120 120 120 120 120 120 120 120 120 120 120 120 120 120 120 120 120 120 120 120 120 120 120 120 120 120 120 120 120 120 120 120 120 120 120 120 120 120 120 120 120 120 120 120 120 120 120 120 120 120 120 120 120 120 120 120 120 120 120 120 120 120 120 120 120 120 120 120 120 120 120 120 120 120 120 120 120 120 120 120 120 120 120 120 120 120 120 120 120 120 120 120 120 120 120 120 120 120 120 120 120 120 120 120 120 120 120 120 120 120 120 120 120 120 120 120 120 120 120 120 120 120 120 120 120 120 120 120 120 120 120 120 120 120 120 120 120 120 120 120 120 120 120 120 120 120 120 120 120 120 120 120 120 120 120 120 120 120 120 120 120 120 120 120 120 120 120 120 120 120 120 120 120 120 120 120 120 120 120 120 120 120 120 120 120 120 120 120 120 120 120 120 120 120 120 120 120 120 120 120 120 120 120 120 120 120 120 120 120 120 120 120 120 120 120 120 120 120 120 120 120 120 120 120 120 120 120 120 120 120 120 120 120 120 120 120 120 120 120 120 120 120 120 120 120 120 120 120 120 120 120 120 120 120 120 120 120 120 120 120 120 120 120 120 120 120 120 120 120 120 120 120 120 120 120 120 120 120 120 120 120 120 120 120 120 120 120 120 120 120 120 120 120 120 120 120 120 120 120 120 120 120 120 120 120 120 120 120 120 120 120 120 120 120 120 120 120 120 120 120 120 120 120 120 120 120 120 120 120 120 120 120 120 120 120 120 120 120 120 120 120 120 120 120 120 120 120 120 120 120 120 120 120 120 120 120 120 120 120 120 120 120 120 120 120 120 120 120 120 120 120 120 120 120 120 120 120 120 120 120 120 120 120 120 120 120 120 120 120 120 120 120 120 120 120 120 120 120 120 120 120 120 120 120 120 120 120 120 120 120 120 120 120 120 120 120 120 120 120 120 120 120 120 120 120 120 120 120 120 120 120 120 120 120 120 120 120 120 120 120 120 120 120 120 120 120 120 120 120 120 120 120 120 120 120 120 120 120 120 120 120 120 120 120 120 120 120 120 120 120 120 120 120 120 120 120 120 120 120 120 120 120 120 120 120 120 120 120 120 120 120 120 120 120 120 120 120 120 120 120 120 120 120 120 120 120 120 120 120 120 120 120 120 120 120 120 120 120 120 120 120 120 120 120 120 120 120 120 120 120 120 120 120 120 120 120 120 120 120 120 120 120 120 120 120 120 120 120 120 120 120 120 120 120 120 120 120 120 120 120 120 120 120 120 120 120 120 120 120 120 120 120 120 120 120 120 120 120 120 120 120 120 120 120 120 120 120 120 120 120 120 120 120 120 120 120 120 120 120 120 120 120 120 120 120 120 120 120 120 120 120 120 120 120 120 120 120 120 120 120 120 120 120 120 120 120 120 120 120 120 120 120 120 120 120 120 120 120 120 120 120 120 120 120 120 120 120 120 120 120 120 120 120 120 120 120 120 120 120 120 120 120 120 120 120 120 120 120 120 120 120 120 120 120 120 120 120 120 120 120 120 120 120 120 120 120 120 120 120 120 120 120 120 120 120 120 120 120 120 120 120 120 120 120 120 120 120 120 120 120 120 120 120 120 120 120 120 120 120 120 120 120 120 120 120 120 120 120 120 120 120 120 120 120 120 120 120 120 120 120 120 120 120 120 120 120 120 120 120 120 120 120 120 120 120 120 120 120 120 120 120 120 120 120 120 120 120 120 120 120 120 120 120 120 120 120 120 120 120 120 120 120 120 120 120 120 120 120 120 120 120 120 120 120 120 120 120 120 120 120 120 120 120 120 120 120 120 120 120 120 120 120 120 120 120 120 120 120 120 120 120 120 120 120 120 120 120 120 120 120 120 120 120 120 120 120 120 120 120 120 120 120 120 120 120 120 120 120 120 120 120 120 120 120 120 120 120 120 120 120 120 120 120 120 120 120 120 120 120 120 120 120 120 120 120 120 120 120 120 120 120 120 120 120 120 120 120 120 120 120 120 120 120 120 120 120 120 120 120 120 120 120 120 120 120 120 120 120 120 120 120 120 120 120 120 120 120 120 120 120 120 120 120 120 120 120 120 120 120 120 120 120 120 120 120 120 120 120 120 120 120 120 120 120 120 120 120 120 120 120 120 120 120 120 120 120 120 120 120 120 120 120 120 120 120 120 120 120 120 120 120 120 120 120 120 120 120 120 120 120 120 120 120 112 101 138 125 137 138 125 92 105 92 134 94 92 163 241 92 134 126 92 134 126 92 134 98 138 125 101 96 224 96 248 92 134 126 92 134 126 92 134 98 138 125 125 92 134 95 179 138 129 221 108 92 134 158 92 134 130 138 137 219 122 138 121 221 128 138 125 129 138 177 219 122 138 129 219 158 92 163 155 196 146 130 202 138 233 219 174 96 240 96 212 138 145 219 118 92 134 190 92 134 93 105 92 134 170 138 125 97 138 185 221 220 92 134 93 109 138 153 221 112 138 137 221 188 92 134 176 196 152 108 120 185 129 99 120 120 120 120 120 120 120 120 120 120 120 120 120 120 120 120 120 120 120 120 120 120 120 120 120 120 120 120 120 120 120 120 120 120 120 120 120 120 120 120 120 120 120 120 120 120 120 120 120 120 120 120 120 120 120 120 120 120 120 120 120 120 120 120 120 120 120 120 120 120 120 120 120 120 120 120 120 120 120 120 120 120 120 120 120 120 120 120 120 120 120 120 120 120 120 120 120 120 120 120 120 120 120 120 120 120 120 120 120 120 120 120 120 120 120 120 120 120 120 120 120 120 120 120 120 120 120 120 120 120 120 120 120 120 120 120 120 120 120 120 120 120 120 120 120 120 120 120 120 120 120 120 120 120 120 120 120 120 120 120 120 120 120 120 120 120 120 120 120 120 120 120 120 120 120 120 120 120 120 120 120 120 120 120 120 120 120 120 120 120 120 120 120 120 120 120 120 120 120 120 120 120 120 120 120 120 120 120 120 120 120 120 120 120 120 120 120 120 120 120 120 120 120 120 120 120 120 120 120 120 120 120 120 120 120 120 120 120 120 120 120 120 120 120 120 120 120 120 120 120 120 120 120 120 120 120 120 120 120 120 120 120 120 120 120 120 120 120 120 120 120 120 120 120 120 120 120 120 120 120 120 120 120 120 120 120 120 120 120 120 120 120 120 120 120 120 120 120 120 120 120 120 120 120 120 120 120 120 120 120 120 120 120 120 120 120 120 120 120 120 120 120 120 120 120 120 120 120 120 120 120 120 120 120 120 120 120 120 120 120 120 120 120 120 120 120 120 120 120 120 120 120 120 120 120 120 120 120 120 120 120 120 120 120 120 120 120 120 120 120 120 120 120 120 120 120 120 120 120 120 120 120 120 120 120 120 120 120 120 120 120 120 120 120 120 120 120 120 120 120 120 120 120 120 120 120 120 120 120 120 120 120 120 120 120 120 120 120 120 120 120 120 120 120 120 120 120 120 120 120 120 120 120 120 120 120 120 120 120 120 120 120 120 120 120 120 120 120 120 120 120 120 120 120 120 120 120 120 120 120 120 120 120 120 120 120 120 120 120 120 120 120 120 120 120 120 120 120 120 120 120 120 120 120 120 120 120 120 120 120 120 120 120 120 120 120 120 120 120 120 120 120 120 120 120 120 120 120 120 120 120 120 120 120 120 120 120 120 120 120 120 120 120 120 120 120 120 120 120 120 120 120 120 120 120 120 120 120 120 120 120 120 120 120 120 120 120 120 120 120 120 120 120 120 120 120 120 120 120 120 120 120 120 120 120 120 120 120 120 120 120 120 120 120 120 120 120 120 120 120 120 120 120 120 120 120 120 120 120 120 120 120 120 120 120 120 120 120 120 120 120 120 120 120 120 120 120 120 120 120 120 120 120 120 120 120 120 120 120 120 120 120 120 120 120 120 120 120 120 120 120 120 120 120 120 120 120 120 120 120 120 120 120 120 120 120 120 120 120 120 120 120 120 120 120 120 120 120 120 120 120 120 120 120 120 120 120 120 120 120 120 120 120 120 120 120 120 120 120 120 120 120 120 120 120 120 120 120 120 120 120 120 120 120 120 120 120 120 120 120 120 120 120 120 120 120 120 120 120 120 120 120 120 120 120 120 120 120 120 120 120 120 120 120 120 120 120 120 120 120 120 120 120 120 120 120 120 120 120 120 120 120 120 120 120 120 120 120 120 120 120 120 120 120 120 120 120 120 120 120 120 120 120 120 120 120 120 120 120 120 120 120 120 120 120 120 120 120 120 120 120 120 120 120 120 120 120 120 120 120 120 120 120 120 120 120 120 120 120 120 120 120 120 120 120 120 120 120 120 120 120 120 120 120 120 120 120 120 120 120 120 120 120 120 120 120 120 120 120 120 120 120 120 120 120 120 120 120 120 120 120 120 120 120 120 120 120 120 120 120 120 120 120 120 120 120 120 120 120 120 120 120 120 120 120 120 120 120 120 120 120 120 120 120 120 120 120 120 120 120 120 120 120 120 120 120 120 120 120 120 120 120 120 120 120 120 120 120 120 120 120 120 120 120 120 120 120 120 120 120 120 120 120 120 120 120 120 120 120 120 120 120 120 120 120 120 120 120 120 120 120 120 120 120 120 120 120 120 120 120 120 120 120 120 120 120 120 120 120 120 120 120 120 120 120 120 120 120 120 120 120 120 120 120 120 120 120 120 120 120 120 120 120 120 120 120 120 120 120 120 120 120 120 120 120 120 120 120 120 120 120 120 120 120 120 120 120 120 120 120 120 120 120 120 120 120 120 120 120 120 120 120 120 120 120 120 120 120 120 120 120 120 120 120 120 120 120 120 120 120 120 120 120 120 120 120 120 120 120 120 120 120 120 120 120 120 120 120 120 120 120 120 120 120 120 120 120 120 120 120 120 120 120 120 120 120 120 120 120 120 120 120 120 120 120 120 120 120 120 120 120 120 120 120 120 120 120 120 120 120 120 120 120 120 120 120 120 120 120 120 120 120 120 120 120 120 120 120 120 120 120 120 120 120 120 120 120 120 120 120 120 120 120 120 120 120 120 120 120 120 120 120 120 120 120 120 120 120 120 120 120 120 120 120 120 120 120 120 120 120 120 120 120 120 120 120 120 120 120 120 120 120 120 120 120 120 120 120 120 120 120 120 120 120 120 120 120 120 120 120 120 120 120 120 120 120 120 120 120 120 120 120 120 120 120 120 120 120 120 120 120 120 120 120 120 120 120 120 120 120 120 120 120 120 120 120 120 120 120 120 120 120 120 120 120 120 120 120 120 120 120 120 120 120 120 120 120 120 120 120 120 120 120 120 120 120 120 120 120 120 120 120 120 120 120 120 120 120 120 120 120 120 120 120 120 120 120 120 120 120 120 120 120 120 120 120 120 120 120 120 120 120 120 120 120 120 120 120 120 120 120 120 120 120 120 120 120 120 120 120 120 120 120 120 120 120 120 120 120 120 120 120 120 120 120 120 120 120 120 120 120 120 120 120 120 120 120 120 120 120 120 120 120 120 120 120 120 120 120 120 120 120 120 120 120 120 120 120 120 120 120 120 120 120 120 120 120 120 120 120 120 120 120 120 120 120 120 120 120 120 120 120 120 120 120 120 120 120 120 120 120 120 120 120 120 120 120 120 120 120 120 120 120 120 120 120 120 120 120 120 120 120 120 120 120 120 120 120 120 120 120 120 120 120 120 120 120 120 120 120 120 120 120 120 120 120 120 120 120 120 120 120 120 120 120 120 120 120 120 120 120 120 120 120 120 120 120 120 120 120 120 120 120 120 120 120 120 120 120 120 120 120 120 120 120 120 120 120 120 120 120 120 120 120 120 120 120 120 120 120 120 120 120 120 120 120 120 120 120 120 120 120 120 120 120 120 120 120 120 120 120 120 120 120 120 120 120 120 120 120 120 120 120 120 120 120 120 120 120 120 120 120 120 120 120 120 120 120 120 120 120 120 120 120 120 120 120 120 120 120 120 120 120 120 120 120 120 120 120 120 120 120 120 120 120 120 120 120 120 120 120 120 120 120 120 120 120 120 120 120 120 120 120 120 120 120 120 120 120 120 120 120 120 120 120 120 120 120 120 120 120 120 120 120 120 120 120 120 120 120 120 120 120 120 120 120 120 120 120 120 120 120 120 120 120 120 120 120 120 120 120 120 120 120 120 120 120 120 120 120 120 120 120 120 120 120 120 120 120 120 120 120 120 120 120 120 120 120 120 120 120 120 120 120 120 120 120 120 120 120 120 120 120 120 120 120 120 120 120 120 120 120 120 120 120 120 120 120 120 120 120 120 120 120 120 120 120 120 120 120 120 120 120 120 120 120 120 120 120 120 120 120 120 120 120 120 120 120 120 120 120 120 120 120 120 120 120 120 120 120 120 120 120 120 120 120 120 120 120 120 120 120 120 120 120 120 120 120 120 120 120 120 120 120 120 120 120 120 120 120 120 120 120 120 120 120 120 120 120 120 120 120 120 120 120 120 120 120 120 120 120 120 120 120 120 120 120 120 120 120 120 120 120 120 120 120 120 120 120 120 120 120 120 120 120 120 120 120 120 120 120 120 120 120 120 120 120 120 120 120 120 120 120 120 120 120 120 120 120 120 120 120 120 120 120 120 120 120 120 120 120 120 120 120 120 120 120 120 120 120 120 120 120 120 120 120 120 120 120 120 120 120 120 120 120 120 120 120 120 120 120 120 120 120 120 120 120 120 120 120 120 120 120 120 120 120 120 120 120 120 120 120 120 120 120 120 120 120 120 120 120 120 120 120 120 120 120 120 120 120 120 120 120 120 120 120 120 120 120 120 120 120 120 120 120 120 120 120 120 120 120 120 120 120 120 120 120 120 120 120 120 120 120 120 120 120 120 120 120 120 120 120 120 120 120 120 120 120 120 120 120 120 120 120 120 120 120 120 120 120 120 120 120 120 120 120 120 120 120 120 120 120 120 120 120 120 120 120 120 120 120 120 120 120 120 120 120 120 120 120 120 120 120 120 120 120 120 120 120 120 120 120 120 120 120 120 120 120 120 120 120 120 120 120 120 120 120 120 120 120 120 120 120 120 120 120 120 120 120 120 120 120 120 120 120 120 120 120 120 120 120 120 120 120 120 120 120 120 120 120 120 120 120 120 120 120 120 120 120 120 120 120 120 120 120 120 120 120 120 120 120 120 120 120 120 120 120 120 120 120 120 120 120 120 120 120 120 120 120 120 120 120 120 120 120 120 120 120 120 120 120 120 120 120 120 120 120 120 120 120 120 120 120 120 120 120 120 120 120 120 120 120 120 120 120 120 120 120 120 120 120 120 120 120 120 120 120 120 120 120 120 120 120 120 120 120 120 120 120 120 120 120 120 120 120 120 120 120 120 120 120 120 120 120 120 120 120 120 120 120 120 120 120 120 120 120 120 120 120 120 120 120 120 120 120 120 120 120 120 120 120 120 120 120 120 120 120 120 120 120 120 120 120 120 120 120 120 120 120 120 120 120 120 120 120 120 120 120 120 120 120 120 120 120 120 120 120 120 120 120 120 120 120 120 120 120 120 120 120 120 120 120 120 120 120 120 120 120 120 120 120 120 120 120 120 120 120 120 120 120 120 120 120 120 120 120 120 120 120 120 120 120 120 120 120 120 120 120 120 120 120 120 120 120 120 120 120 120 120 120 120 120 120 120 120 120 120 120 120 120 120 120 120 120 120 120 120 120 120 120 120 120 120 120 120 120 120 120 120 120 120 120 120 120 120 120 120 120 120 120 120 120 120 120 120 120 120 120 120 120 120 120 120 120 120 120 120 120 120 120 120 120 120 120 120 120 120 120 120 120 120 120 120 120 120 120 120 120 120 120 120 120 120 120 120 120 120 120 120 120 120 120 120 120 120 120 120 120 120 120 120 120 120 120 120 120 120 120 120 120 120 120 120 120 120 120 120 120 120 120 120 120 120 120 120 120 120 120 120 120 120 120 120 120 120 120 120 120 120 120 120 120 120 120 120 120 120 120 120 120 120 120 120 120 120 120 120 120 120 120 120 120 120 120 120 120 120 120 120 120 120 120 120 120 120 120 120 120 120 120 120 120 120 120 120 120 120 120 120 120 120 120 120 120 120 120 120 120 120 120 120 120 120 120 120 120 120 120 120 120 120 120 120 120 120 120 120 120 120 120 120 120 120 120 120 120 120 120 120 120 120 120 120 120 120 120 120 120 120 120 120 120 120 120 120 120 120 120 120 120 120 120 120 120 120 120 120 120 120 120 120 120 120 120 120 120 120 120 120 120 120 120 120 120 120 120 120 120 120 120 120 120 120 120 120 120 120 120 120 120 120 120 120 120 120 120 120 120 120 120 120 120 120 120 120 120 120 120 120 120 120 120 120 120 120 120 120 120 120 120 120 120 120 120 120 120 120 120 120 120 120 120 120 120 120 120 120 120 120 120 120 120 120 120 120 120 120 120 120 120 120 120 120 120 120 120 120 120 120 120 120 120 120 120 120 120 120 120 120 120 120 120 120 120 120 120 120 120 120 120 120 120 120 120 120 120 120 120 120 120 120 120 120 120 120 120 120 120 120 120 120 120 120 120 120 120 120 120 120 120 120 120 120 120 120 120 120 120 120 120 120 120 120 120 120 120 120 120 120 120 120 120 120 120 120 120 120 120 120 120 120 120 120 120 120 120 120 120 120 120 120 120 120 120 120 120 120 120 120 120 120 120 120 120 120 120 120 120 120 120 120 120 120 120 120 120 120 120 120 120 120 120 120 120 120 120 120 120 120 120 120 120 120 120 120 120 120 120 120 120 120 120 120 120 120 120 120 120 120 120 120 120 120 120 120 120 120 120 120 120 120 120 120 120 120 120 120 120 120 120 120 120 120 120 120 120 120 120 120 120 120 120 120 120 120 120 120 120 120 120 120 120 120 120 120 120 120 120 120 120 120 120 120 120 120 120 120 120 120 120 120 120 120 120 120 120 120 120 120 120 120 120 120 120 120 120 120 120 120 120 120 120 120 120 120 120 120 120 120 120 120 120 120 120 120 120 120 120 120 120 120 120 120 120 120 120 120 120 120 120 120 120 120 120 120 120 120 120 120 120 120 120 120 120 120 120 120 120 120 120 120 120 120 120 120 120 120 120 120 120 120 120 120 120 120 120 120 120 120 120 120 120 120 120 120 120 120 120 120 120 120 120 120 120 120 120 120 120 120 120 120 120 120 120 120 120 120 120 120 120 120 120 120 120 120 120 120 120 120 120 120 120 120 120 120 120 120 120 120 120 120 120 120 120 120 120 120 120 120 120 120 120 120 120 120 120 120 120 120 120 120 120 120 120 120 120 120 120 120 120 120 120 120 120 120 120 120 120 120 120 120 120 120 120 120 120 120 120 120 120 120 120 120 120 120 120 120 120 120 120 120 120 120 120 120 120 120 120 120 120 120 120 120 120 120 120 120 120 120 120 120 120 120 120 120 120 120 120 120 120 120 120 120 120 120 120 120 120 120 120 120 120 120 120 120 120 120 120 120 120 120 120 120 120 120 120 120 120 120 120 120 120 120 120 120 120 120 120 120 120 120 120 120 120 120 120 120 120 120 120 120 120 120 120 120 120 120 120 120 120 120 120 120 120 120 120 120 120 120 120 120 120 120 120 120 120 120 120 120 120 120 120 120 120 120 120 120 120 120 120 120 120 120 120 120 120 120 120 120 120 120 120 120 120 120 120 120 120 120 120 120 120 120 120 120 120 120 120 120 120 120 120 120 120 120 120 120 120 120 120 120 120 120 120 120 120 120 120 120 120 120 120 120 120 120 120 120 120 120 120 120 120 120 120 120 120 120 120 120 120 120 120 120 120 120 120 120 120 120 120 120 120 120 120 120 120 120 120 120 120 120 120 120 120 120 120 120 120 120 120 120 120 120 120 120 120 120 120 120 120 120 120 120 120 120 120 120 120 120 120 120 120 120 120 120 120 120 120 120 120 120 120 120 120 120 120 120 120 120 120 120 120 120 120 120 120 120 120 120 120 120 120 120 120 120 120 120 120 120 120 120 120 120 120 120 120 120 120 120 120 120 120 120 120 120 120 120 120 120 120 120 120 120 120 120 120 120 120 120 120 120 120 120 120 120 120 120 120 120 120 120 120 120 120 120 120 120 120 120 120 120 120 120 120 120 120 120 120 120 120 120 120 120 120 120 120 120 120 120 120 120 120 120 120 120 120 120 120 120 120 120 120 120 120 120 120 120 120 120 120 120 120 120 120 120 120 120 120 120 120 120 120 120 120 120 120 120 120 120 120 120 120 120 120 120 120 120 120 120 120 120 120 120 120 120 120 120 120 120 120 120 120 120 120 120 120 120 120 120 120 120 120 120 120 120 120 120 120 120 120 120 120 120 120 120 120 120 120 120 120 120 120 120 120 120 120 120 120 120 120 120 120 120 120 120 120 120 120 120 120 120 120 120 120 120 120 120 120 120 120 120 120 120 120 120 120 120 120 120 120 120 120 120 120 120 120 120 120 120 120 120 120 120 120 120 120 120 120 120 120 120 120 120 120 120 120 120 120 120 120 120 120 120 120 120 120 120 120 120 120 120 120 120 120 120 120 120 120 120 120 120 120 120 120 120 120 120 120 120 120 120 120 120 120 120 120 120 120 120 120 120 120 120 120 120 120 120 120 120 120 120 120 120 120 120 120 120 120 120 120 120 120 120 120 120 120 120 120 120 120 120 120 120 120 120 120 120 120 120 120 120 120 120 120 120 120 120 120 120 120 120 120 120 120 120 120 120 120 120 120 120 120 120 120 120 120 120 120 120 120 120 120 120 120 120 120 120 120 120 114 96 143 92 134 95 187 138 137 221 91 117 138 281 219 104 196 152 108 280 196 152 108 114 138 121 219 232 185 129 136 138 125 193 138 153 219 98 138 185 221 136 138 125 103 185 129 220 92 134 104 185 129 156 92 134 178 138 313 219 98 138 185 221 136 138 125 103 185 129 220 92 134 104 185 129 156 92 134 178 138 313 219 98 138 185 221 136 138 125 103 185 129 220 92 134 104 185 129 156 92 134 178 138 313 219 98 138 185 221 136 138 125 103 185 129 220 92 134 104 185 129 156 92 134 178 138 313 219 98 138 185 221 136 138 125 103 185 129 220 92 134 104 185 129 156 92 134 178 138 125 281 138 129 219 122 138 125 100 120 112 90 96 96 96 96 96 96 96 96 96 96 96 96 96 96 96 115 138 273 219 95 135 92 134 166 92 134 114 138 125 105 138 161 221 220 92 134 96 185 129 174 185 129 112 138 125 97 138 161 221 93 203 138 121 219 160 185 129 92 92 134 106 138 129 219 114 138 145 219 130 138 137 219 112 185 129 136 138 137 221 140 92 134 166 92 134 182 92 163 161 92 134 112 96 143 130 127 196 152 108 166 92 134 134 92 134 102 92 134 218 138 125 149 92 134 122 138 121 221 108 100 137 115 138 185 129 144 138 125 157 92 134 102 96 240 96 252 138 125 129 138 125 101 96 240 96 228 144 132 107 97 138 125 149 92 134 182 92 134 102 100 137 115 105 211 138 129 219 142 92 134 166 92 134 93 101 138 129 221 182 185 129 188 92 134 93 93 138 125 109 92 134 150 92 134 112 185 129 160 138 257 221 120 138 125 173 92 134 134 92 134 93 109 138 249 219 95 155 138 129 221 116 92 134 2114 138 209 219 93 105 92 134 234 138 185 221 128 138 153 221 232 138 125 94 131 138 125 92 109 138 217 219 126 92 134 96 96 143 130 129 138 345 221 152 138 125 92 101 138 121 219 232 185 129 136 138 249 219 160 196 152 108 246 92 134 126 92 134 198 92 134 104 185 129 112 138 145 221 91 109 138 129 219 170 138 233 219 150 92 134 104 185 129 220 92 134 114 138 125 111 196 152 108 202 138 169 221 128 138 125 173 92 134 93 93 138 121 221 140 92 134 176 196 147 147 380 92 134 134 92 134 142 92 134 104 185 129 206 185 129 108 100 137 115 105 131 138 169 219 142 92 134 90 138 121 219 114 138 125 103 96 92 147 107 138 137 219 98 138 125 125 92 134 126 92 134 112 96 92 147 151 92 134 126 92 134 166 92 134 150 92 134 168 185 129 136 144 132 107 121 138 125 149 92 134 93 107 196 152 108 106 144 132 107 197 92 134 166 92 134 93 93 138 125 111 96 143 130 93 100 137 115 107 101 92 134 174 92 134 106 138 125 92 113 92 134 206 92 134 95 185 185 129 156 92 134 234 144 132 107 149 92 134 174 92 134 98 138 125 125 92 134 144 185 129 100 96 240 96 236 138 125 93 92 134 138 138 265 219 93 109 138 193 221 116 100 137 115 112 92 134 96 196 128 154 92 134 102 92 134 94 92 163 165 144 132 107 92 117 138 193 221 156 92 134 93 109 138 129 221 156 92 134 93 113 92 134 93 97 92 134 96 185 129 136 144 132 107 113 138 125 121 138 121 219 95 139 138 129 221 156 92 134 106 138 145 219 110 92 134 118 92 134 106 138 161 221 91 93 138 121 221 108 92 134 262 92 134 94 100 137 115 176 92 134 93 93 138 125 165 92 134 138 138 125 95 96 143 130 92 93 138 177 219 118 92 134 122 138 137 219 93 105 92 134 198 92 134 98 144 132 107 153 138 129 219 166 92 134 122 138 129 219 118 92 134 118 92 163 157 138 121 221 91 101 138 125 129 138 121 221 91 101 138 145 221 148 92 134 93 97 92 134 150 92 134 93 109 138 137 221 120 138 125 101 100 137 115 164 144 132 107 125 92 134 94 92 163 181 138 169 221 93 101 162 110 195 91 138 145 219 98 138 185 219 112 185 129 224 138 209 219 95 96 123 138 121 219 114 138 125 197 92 134 96 96 92 147 151 92 134 118 92 134 101 120 120 120 120 120 120 120 120 120 120 120 109 138 125 92 101 138 121 221 91 117 138 129 219 198 92 134 118 92 163 161 92 134 110 100 137 115 200 92 134 93 93 138 161 219 146 138 121 221 96 138 193 219 95 187 138 137 219 98 144 132 107 221 92 134 154 138 125 97 138 145 219 102 100 137 115 168 92 134 114 144 132 107 93 92 163 289 92 134 94 92 163 305 92 134 104 196 128 162 92 134 90 144 132 107 175 196 136 211 191 92 134 94 92 163 165 144 132 107 92 117 138 193 221 156 92 134 93 109 138 129 221 156 92 134 93 113 92 134 104 96 143 130 92 91 196 128 142 138 125 92 105 100 137 115 114 185 129 260 92 134 93 105 92 134 134 92 134 93 105 92 134 130 138 125 97 138 121 221 100 92 163 213 138 137 219 114 138 145 219 95 171 138 153 221 164 96 240 96 226 185 129 152 138 169 221 91 93 138 121 221 108 92 134 254 92 134 104 196 152 108 102 100 137 115 144 92 134 98 144 132 107 111 185 129 152 138 125 185 138 185 221 124 92 134 126 92 134 138 138 125 125 92 163 163 196 128 118 138 125 205 92 134 114 138 125 92 101 138 125 113 138 125 149 92 134 93 97 100 137 115 120 92 134 98 138 121 219 138 138 121 221 100 92 134 150 92 134 136 185 129 148 92 134 138 138 137 219 114 138 125 125 92 134 104 185 129 124 100 137 115 140 138 125 97 138 125 165 92 134 93 113 100 137 115 107 97 138 125 165 92 134 126 92 134 150 92 134 94 92 163 217 92 134 162 138 121 219 93 105 100 137 115 128 92 134 110 92 134 150 92 134 142 92 134 158 92 134 93 113 92 134 106 138 125 213 92 134 126 92 134 93 109 138 145 219 198 92 134 138 138 121 219 114 138 125 113 138 125 92 93 138 121 219 178 138 121 221 134 185 129 140 92 134 98 138 125 181 92 134 102 92 134 122 138 129 219 118 92 134 118 92 163 157 138 121 221 144 144 132 107 92 108 101 92 134 126 92 134 134 92 134 154 138 125 92 113 92 134 114 138 125 93 92 163 160 120 120 120 120 120 120 120 120 120 201 92 134 114 138 125 92 93 138 125 149 92 134 154 138 125 92 93 138 125 92 97 92 134 160 196 147 147 278 185 129 110 185 129 174 185 129 156 92 134 94 92 163 189 138 125 125 92 134 142 92 134 94 92 163 225 92 163 165 138 161 221 116 92 134 144 185 129 220 92 134 114 138 129 221 158 185 129 172 92 134 95 175 92 134 104 96 92 147 90 103 196 152 108 162 138 177 219 106 138 145 219 93 105 100 137 115 132 138 125 95 96 92 147 119 92 134 93 113 100 137 115 106 96 143 130 205 92 134 98 138 177 221 104 138 185 221 93 171 138 153 219 138 144 132 107 213 92 134 154 138 125 149 92 134 166 92 134 134 92 134 122 138 125 105 138 125 101 96 240 96 220 138 137 219 136 185 129 262 185 129 144 138 125 94 131 138 125 125 92 134 93 105 100 137 115 170 185 129 91 93 138 125 237 92 134 126 92 163 165 138 121 221 148 96 224 96 296 92 134 198 92 134 95 187 138 129 221 108 92 134 90 144 132 107 121 138 125 93 92 134 142 92 134 106 138 125 92 113 100 137 115 170 185 129 128 144 132 107 175 185 129 140 92 134 95 131 138 125 93 92 163 181 138 121 221 160 138 153 219 176 185 129 91 93 138 125 93 92 163 181 138 125 143 196 171 212 191 138 125 101 100 137 115 107 93 100 137 115 136 92 134 130 138 125 149 92 134 102 92 134 144 185 129 188 92 134 166 92 134 182 92 134 112 96 92 147 143 92 134 102 92 134 126 92 134 114 138 125 181 92 134 93 99 185 129 132 92 134 130 138 125 92 93 138 125 137 138 209 219 90 138 145 221 92 92 163 261 138 125 125 92 134 96 96 143 130 113 138 121 221 172 92 134 122 138 129 219 118 92 134 118 92 163 157 138 121 221 144 144 132 107 94 175 92 134 95 143 92 134 93 91 185 129 112 138 125 157 96 224 96 192 92 134 138 138 125 94 107 138 161 219 93 113 92 134 184 185 129 188 92 134 96 185 129 120 144 132 107 213 92 134 142 92 134 134 92 134 93 113 92 134 93 101 138 125 173 92 134 90 138 125 141 92 163 157 138 177 219 106 138 137 219 138 138 125 94 153 185 129 144 144 132 107 121 144 132 107 113 144 132 107 95 196 128 90 92 163 219 185 129 316 92 134 126 92 134 134 92 134 154 138 125 92 113 92 134 114 138 125 93 92 163 160 120 201 92 134 90 138 145 221 156 96 224 96 288 92 134 90 138 125 101 92 134 174 92 134 93 97 92 134 174 92 134 158 92 134 93 113 92 134 94 92 163 181 138 125 153 138 125 103 196 136 211 251 138 137 219 98 138 125 93 92 134 262 92 134 94 96 240 96 322 185 129 158 185 129 204 92 134 94 92 163 297 92 134 95 155 144 132 107 167 196 152 108 190 92 134 166 92 134 134 92 134 122 138 125 105 138 125 101 96 240 96 220 138 137 219 136 185 129 262 185 129 144 138 125 94 131 138 125 101 92 134 118 92 134 93 113 92 134 118 92 134 93 105 92 134 134 92 134 154 138 125 111 96 143 130 133 92 134 142 92 134 128 185 129 222 196 152 108 166 92 134 134 92 134 96 185 129 148 92 134 144 185 129 190 185 129 150 185 129 93 155 138 125 157 92 134 93 97 100 137 115 112 92 163 233 92 134 94 100 137 115 200 92 134 98 144 132 107 129 138 125 125 92 134 170 138 121 221 91 93 138 137 221 108 92 134 126 92 134 152 185 129 116 100 137 115 116 144 132 107 145 138 125 103 196 128 178 92 134 98 138 145 221 132 92 134 102 100 137 115 144 92 134 122 144 132 107 133 92 134 118 92 134 146 138 121 221 172 92 134 104 185 129 96 144 132 107 125 100 137 115 124 138 125 193 138 209 221 104 138 125 92 113 100 137 115 107 97 138 193 221 156 92 134 93 109 138 129 221 156 92 134 95 207 96 224 96 168 92 134 144 185 129 212 92 134 114 138 145 219 110 92 134 184 185 129 160 138 125 113 138 137 221 142 185 129 140 92 134 98 138 125 181 92 134 102 92 134 122 138 129 219 118 92 134 118 92 163 157 138 121 221 144 144 132 107 100 120 120 120 120 120 120 120 120 120 120 120 120 120 120 120 120 120 120 120 120 120 120 120 120 120 120 120 120 120 120 120 120 120 120 120 120 120 120 120 120 120 120 120 120 120 120 120 120 120 120 120 120 120 120 120 120 120 120 120 120 120 120 120 120 120 120 120 120 120 120 120 120 120 120 120 120 120 120 120 120 120 120 120 120 120 120 120 120 120 120 120 120 120 120 120 120 120 120 120 120 120 120 120 120 120 120 120 120 120 120 120 120 120 120 120 120 120 120 120 120 120 120 120 120 120 120 120 120 120 120 120 120 120 120 120 120 120 120 120 120 120 120 120 120 120 120 120 120 120 120 120 120 120 120 120 120 120 120 120 120 120 120 120 120 120 120 120 120 120 120 120 120 120 120 120 120 120 120 120 120 120 120 120 120 120 120 120 120 120 120 120 120 120 120 120 120 120 120 120 120 120 120 120 120 120 120 120 120 120 120 120 120 120 120 120 120 120 120 120 120 120 120 120 120 120 120 120 120 120 120 120 120 120 120 120 120 120 120 120 120 120 120 120 120 120 120 120 120 120 120 120 120 120 120 120 120 120 120 120 120 120 120 120 120 120 120 120 120 120 120 120 120 120 120 120 120 120 120 120 120 120 120 120 120 120 120 120 120 120 120 120 120 120 120 120 120 120 120 120 120 120 120 120 120 120 120 120 120 120 120 120 120 120 120 120 120 120 120 120 120 120 120 120 120 120 120 120 120 120 120 120 120 120 120 120 120 120 120 120 120 120 120 120 120 120 120 120 120 120 120 120 120 120 120 120 120 120 120 120 120 120 120 120 120 120 120 120 120 120 120 120 120 120 120 120 120 120 120 120 120 120 120 120 120 120 120 120 120 120 120 120 120 120 120 120 120 120 120 120 120 120 120 120 120 120 120 120 120 120 120 120 120 120 120 120 120 120 120 120 120 120 120 120 120 120 120 120 120 120 120 120 120 120 120 120 120 120 120 120 120 120 120 120 120 120 120 120 120 120 120 120 120 120 120 120 120 120 120 120 120 120 120 120 120 120 120 120 120 120 120 120 120 120 120 120 120 120 120 120 120 120 120 120 120 120 120 120 120 120 120 120 120 120 120 120 120 120 120 120 120 120 120 120 120 120 120 120 120 120 120 120 120 120 120 120 120 120 120 120 120 120 120 120 120 120 120 120 120 120 120 120 120 120 120 120 120 120 120 120 120 120 120 120 120 120 120 120 120 120 120 120 120 120 120 120 120 120 120 120 120 120 120 120 120 120 120 120 120 120 120 120 120 120 120 120 120 120 120 120 120 120 120 120 120 120 120 120 120 120 120 120 120 120 120 120 120 120 120 120 120 120 120 120 120 120 120 120 120 120 120 120 120 120 120 120 120 120 120 120 120 120 120 120 120 120 120 120 120 120 120 120 120 120 120 120 120 120 120 120 120 120 120 120 120 120 120 120 120 120 120 120 120 120 120 120 120 120 120 120 120 120 120 120 120 120 120 120 120 120 120 120 120 120 120 120 120 120 120 120 120 120 120 120 120 120 120 120 120 120 120 120 120 120 120 120 120 120 120 120 120 120 120 120 120 120 120 120 120 120 120 120 120 120 120 120 120 120 120 120 120 120 120 120 120 120 120 120 120 120 120 120 120 120 120 120 120 120 120 120 120 120 120 120 120 120 120 120 120 120 120 120 120 120 120 120 120 120 120 120 120 120 120 120 120 120 120 120 120 120 120 120 120 120 120 120 120 120 120 120 120 120 120 120 120 120 120 120 120 120 120 120 120 120 120 120 120 120 120 120 120 120 120 120 120 120 120 120 120 120 120 120 120 120 120 120 120 120 120 120 120 120 120 120 120 120 120 120 120 120 120 120 120 120 120 120 120 120 120 120 120 120 120 120 120 120 120 120 120 120 120 120 120 120 120 120 120 120 120 120 120 120 120 120 120 120 120 120 120 120 120 120 120 120 120 120 120 120 120 120 120 120 120 120 120 120 120 120 120 120 120 120 120 120 120 120 120 120 120 120 120 120 120 120 120 120 120 120 120 120 120 120 120 120 120 120 120 120 120 120 120 120 120 120 120 120 120 120 120 120 120 120 120 120 120 120 120 120 120 120 120 120 120 120 120 120 120 120 120 120 120 120 120 120 120 120 120 120 120 120 120 120 120 120 120 120 120 120 120 120 120 120 120 120 120 120 120 120 120 120 120 120 120 120 120 120 120 120 120 120 120 120 120 120 120 120 120 120 120 120 120 120 120 120 120 120 120 120 120 120 120 120 120 120 120 120 120 120 120 120 120 120 120 120 120 120 120 120 120 120 120 120 120 120 120 120 120 120 120 120 120 120 120 120 120 120 120 120 120 120 120 120 120 120 120 120 120 120 120 120 120 120 120 120 120 120 120 120 120 120 120 120 120 120 120 120 120 120 120 120 120 120 120 120 120 120 120 120 120 120 120 120 120 120 120 120 120 120 120 120 120 120 120 120 120 120 120 120 120 120 120 120 120 120 120 120 120 120 120 120 120 120 120 120 120 120 120 120 120 120 120 120 120 120 120 120 120 120 120 120 120 120 120 120 120 120 120 120 120 120 120 120 120 120 120 120 120 120 120 120 120 120 120 120 120 120 120 120 120 120 120 120 120 120 120 120 120 120 120 120 120 120 120 120 120 120 120 120 120 120 120 120 120 120 120 120 120 120 120 120 120 120 120 120 120 120 120 120 120 120 120 120 120 120 120 120 120 120 120 120 120 120 120 120 120 120 120 120 120 120 120 120 120 120 120 120 120 120 120 120 120 120 120 120 120 120 120 120 120 120 120 120 120 120 120 120 120 120 120 120 120 120 120 120 120 120 120 120 120 120 120 120 120 120 120 120 120 120 120 120 120 120 120 120 120 120 120 120 120 120 120 120 120 120 120 120 120 120 120 120 120 120 120 120 120 120 120 120 120 120 120 120 120 120 120 120 120 120 120 120 120 120 120 120 120 120 120 120 120 120 120 120 120 120 120 120 120 120 120 120 120 120 120 120 120 120 120 120 120 120 120 120 120 120 120 120 120 120 120 120 120 120 120 120 120 120 120 120 120 120 120 120 120 120 120 120 120 120 120 120 120 120 120 120 120 120 120 120 120 120 120 120 120 120 120 120 120 120 120 120 120 120 120 120 120 120 120 120 120 120 120 120 120 120 120 120 120 120 120 120 120 120 120 120 120 120 120 120 120 120 120 120 120 120 120 120 120 120 120 120 120 120 120 120 120 120 120 120 120 120 120 120 120 120 120 120 120 120 120 120 120 120 120 120 120 120 120 120 120 120 120 120 120 120 120 120 120 120 120 120 120 120 120 120 120 120 120 120 120 120 120 120 120 120 120 120 120 120 120 120 120 120 120 120 120 120 120 120 120 120 120 120 120 120 120 120 120 120 120 120 120 120 120 120 120 120 120 120 120 120 120 120 120 120 120 120 120 120 120 120 120 120 120 120 120 120 120 120 120 120 120 120 120 120 120 120 120 120 120 120 120 120 120 120 120 120 120 120 120 120 120 120 120 120 120 120 120 120 120 120 120 120 120 120 120 120 120 120 120 120 120 120 120 120 120 120 120 120 120 120 120 120 120 120 120 120 120 120 120 120 120 120 120 120 120 120 120 120 120 120 120 120 120 120 120 120 120 120 120 120 120 120 120 120 120 120 120 120 120 120 120 120 120 120 120 120 120 120 120 120 120 120 120 120 120 120 120 120 120 120 120 120 120 120 120 120 120 120 120 120 120 120 120 120 120 120 120 120 120 120 120 120 120 120 120 120 120 120 120 120 120 120 120 120 120 120 120 120 120 120 120 120 120 120 120 120 120 120 120 120 120 120 120 120 120 120 120 120 120 120 120 120 120 120 120 120 120 120 120 120 120 120 120 120 120 120 120 120 120 120 120 120 120 120 120 120 120 120 120 120 120 120 120 120 120 120 120 120 120 120 120 120 120 120 120 120 120 120 120 120 120 120 120 120 120 120 120 120 120 120 120 120 120 120 120 120 120 120 120 120 120 120 120 120 120 120 120 120 120 120 120 120 120 120 120 120 120 120 120 120 120 120 120 120 120 120 120 120 120 120 120 120 120 120 120 120 120 120 120 120 120 120 120 120 120 120 120 120 120 120 120 120 120 120 120 120 120 120 120 120 120 120 120 120 120 120 120 120 120 120 120 120 120 120 120 120 120 120 120 120 120 120 120 120 120 120 120 120 120 120 120 120 120 120 120 120 120 120 120 120 120 120 120 120 120 120 120 120 120 120 120 120 120 120 120 120 120 120 120 120 120 120 120 120 120 120 120 120 120 120 120 120 120 120 120 120 120 120 120 120 120 120 120 120 120 120 120 120 120 120 120 120 120 120 120 120 120 120 120 120 120 120 120 120 120 120 120 120 120 120 120 120 120 120 120 120 120 120 120 120 120 120 120 120 120 120 120 120 120 120 120 120 120 120 120 120 120 120 120 120 120 120 120 120 120 120 120 120 120 120 120 120 120 120 120 120 120 120 120 120 120 120 120 120 120 120 120 120 120 120 120 120 120 120 120 120 120 120 120 120 120 120 120 120 120 120 120 120 120 120 120 120 120 120 120 120 120 120 120 120 120 120 120 120 120 120 120 120 120 120 120 120 120 120 120 120 120 120 120 120 120 120 120 120 120 120 120 120 120 120 120 120 120 120 120 120 120 120 120 120 120 120 120 120 120 120 120 120 120 120 120 120 120 120 120 120 120 120 120 120 120 120 120 120 120 120 120 120 120 120 120 120 120 120 120 120 120 120 120 120 120 120 120 120 120 120 120 120 120 120 120 120 120 120 120 120 120 120 120 120 120 120 120 120 120 120 120 120 120 120 120 120 120 120 120 120 120 120 120 120 120 120 120 120 120 120 120 120 120 120 120 120 120 120 120 120 120 120 120 120 120 120 120 120 120 120 120 120 120 120 120 120 120 120 120 120 120 120 120 120 120 120 120 120 120 120 120 120 120 120 120 120 120 120 120 120 120 120 120 120 120 120 120 120 120 120 120 120 120 120 120 120 120 120 120 120 120 120 120 120 120 120 120 120 120 120 120 120 120 120 120 120 120 120 120 120 120 120 120 120 120 120 120 120 120 120 120 120 120 120 120 120 120 120 120 120 120 120 120 120 120 120 120 120 120 120 120 120 120 120 120 120 120 120 120 120 120 120 120 120 120 120 120 120 120 120 120 120 120 120 120 120 120 120 120 120 120 120 120 120 120 120 120 120 120 120 120 120 120 120 120 120 120 120 120 120 120 120 120 120 120 120 120 120 120 120 120 120 120 120 120 120 120 120 120 120 120 120 120 120 120 120 120 120 120 120 120 120 120 120 120 120 120 120 120 120 120 120 120 120 120 120 120 120 120 120 120 120 120 120 120 120 120 120 120 120 120 120 120 120 120 120 120 120 120 120 120 120 120 120 120 120 120 120 120 120 120 120 120 120 120 120 120 120 120 120 120 120 120 120 120 120 120 120 120 120 120 120 120 120 120 120 120 120 120 120 120 120 120 120 120 120 120 120 120 120 120 120 120 120 120 120 120 120 120 120 120 120 120 120 120 120 120 120 120 120 120 120 120 120 120 120 120 120 120 120 120 120 120 120 120 120 120 120 120 120 120 120 120 120 120 120 120 120 120 120 120 120 120 120 120 120 120 120 120 120 120 120 120 120 120 120 120 120 120 120 120 120 120 120 120 120 120 120 120 120 120 120 120 120 120 120 120 120 120 120 120 120 120 120 120 120 120 120 120 120 120 120 120 120 120 120 120 120 120 120 120 120 120 120 120 120 120 120 120 120 120 120 120 120 120 120 120 120 120 120 120 120 120 120 120 120 120 120 120 120 120 120 120 120 120 120 120 120 120 120 120 120 120 120 120 120 120 120 120 120 120 120 120 120 120 120 120 120 120 120 120 120 120 120 120 120 120 120 120 120 120 120 120 120 120 120 120 120 120 120 120 120 120 120 120 120 120 120 120 120 120 120 120 120 120 120 120 120 120 120 120 120 120 120 120 120 120 120 120 120 120 120 120 120 120 120 120 120 120 120 120 120 120 120 120 120 120 120 120 120 120 120 120 120 120 120 120 120 120 120 120 120 120 120 120 120 120 120 120 120 120 120 120 120 120 120 120 120 120 120 120 120 120 120 120 120 120 120 120 120 120 120 120 120 120 120 120 120 120 120 120 120 120 120 120 120 120 120 120 120 120 120 120 120 120 120 120 120 120 120 120 120 120 120 120 120 120 120 120 120 120 120 120 120 120 120 120 120 120 120 120 120 120 120 120 120 120 120 120 120 120 120 120 120 120 120 120 120 120 120 120 120 120 120 120 120 120 120 120 120 120 120 120 120 120 120 120 120 120 120 120 120 120 120 120 120 120 120 120 120 120 120 120 120 120 120 120 120 120 120 120 120 120 120 120 120 120 120 120 120 120 120 120 120 120 120 120 120 120 120 120 120 120 120 120 120 120 120 120 120 120 120 120 120 120 120 120 120 120 120 120 120 120 120 120 120 120 120 120 120 120 120 120 120 120 120 120 120 120 120 120 120 120 120 120 120 120 120 120 120 120 120 120 120 120 120 120 120 120 120 120 120 120 120 120 120 120 120 120 120 120 120 120 120 120 120 120 120 120 120 120 120 120 120 120 120 120 120 120 120 120 120 120 120 120 120 120 120 120 120 120 120 120 120 120 120 120 120 120 120 120 120 120 120 120 120 120 120 120 120 120 120 120 120 120 120 120 120 120 120 120 120 120 120 120 120 120 120 120 120 120 120 120 120 120 120 120 120 120 120 120 120 120 120 120 120 120 120 120 120 120 120 120 120 120 120 120 120 120 120 120 120 120 120 120 120 120 120 120 120 120 120 120 120 120 120 120 120 120 120 120 120 120 120 120 120 120 120 120 120 120 120 120 120 120 120 120 120 120 120 120 120 120 120 120 120 120 120 120 120 120 120 120 120 120 120 120 120 120 120 120 120 120 120 120 120 120 120 120 120 120 120 120 120 120 120 120 120 120 120 120 120 120 120 120 120 120 120 120 120 120 120 120 120 120 120 120 120 120 120 120 120 120 120 120 120 120 120 120 120 120 120 120 120 120 120 120 120 120 120 120 120 120 120 120 120 120 120 120 120 120 120 120 120 120 120 120 120 120 120 120 120 120 120 120 120 120 120 120 120 120 120 120 120 120 120 120 120 120 120 120 120 120 120 120 120 120 120 120 120 120 120 120 120 120 120 120 120 120 120 120 120 120 120 120 120 120 120 120 120 120 120 120 120 120 120 120 120 120 120 120 120 120 120 120 120 120 120 120 120 120 120 120 120 120 120 120 120 120 120 120 120 120 120 120 120 120 120 120 120 120 120 120 120 120 120 120 120 120 120 120 120 120 120 120 120 120 120 120 120 120 120 120 120 120 120 120 120 120 120 120 120 120 120 120 120 120 120 120 120 120 120 120 120 120 120 120 120 120 120 120 120 120 120 120 120 120 120 120 120 120 120 120 120 120 120 120 120 120 120 120 120 120 120 120 120 120 120 120 120 120 120 120 120 120 120 120 120 120 120 120 120 120 120 120 120 120 120 120 120 120 120 120 120 120 120 120 120 120 120 120 120 120 120 120 120 120 120 120 120 120 114 96 96 96 96 96 96 96 96 96 96 96 96 96 96 96 107 138 121 219 144 185 129 172 92 163 157 138 161 221 118 185 129 124 100 137 115 148 138 153 219 110 92 134 130 138 129 221 100 92 134 154 138 129 219 93 93 138 137 221 148 92 134 93 101 138 129 219 98 138 161 221 120 138 137 221 91 113 100 137 115 107 113 138 161 221 456 138 161 221 120 138 145 221 108 92 134 176 185 129 91 90 96 97 96 143 130 103 185 129 96 138 125 177 138 121 221 124 92 134 130 138 129 221 128 138 125 92 97 92 134 122 144 132 107 101 92 134 93 93 138 161 221 120 138 137 221 96 144 132 107 105 138 129 221 91 109 138 161 221 104 144 132 107 92 93 138 129 219 184 185 129 148 92 134 130 138 125 261 92 134 166 92 134 93 90 91 138 137 219 90 138 125 129 138 161 219 114 138 125 101 92 134 130 138 161 219 90 138 125 95 196 128 218 92 134 93 93 138 153 221 124 92 134 130 138 121 221 124 100 137 115 108 138 125 93 92 134 130 138 129 221 91 113 100 137 115 192 92 163 157 138 145 221 152 138 125 92 101 138 145 221 94 185 129 132 92 134 130 138 125 101 100 137 115 164 138 125 92 101 138 177 219 93 109 138 161 221 118 185 129 188 92 134 96 196 136 211 211 138 161 221 140 92 134 142 92 134 160 185 129 140 92 134 146 138 125 117 92 134 130 138 121 221 124 100 137 115 108 138 125 93 92 134 130 138 125 92 113 92 163 165 138 137 221 96 138 145 219 130 138 125 92 93 138 161 221 118 185 129 220 96 240 96 336 92 134 102 92 134 130 138 137 219 94 92 163 217 92 134 130 138 121 221 116 100 137 115 148 138 121 219 118 92 134 130 138 125 93 92 134 94 92 163 289 92 134 130 138 125 92 93 138 161 221 104 144 132 107 111 96 92 147 115 138 125 103 96 92 147 103 92 134 130 138 125 117 92 134 114 138 129 221 108 100 137 115 184 92 134 166 92 134 126 92 134 114 138 125 92 93 138 161 221 112 138 125 117 92 134 93 93 138 137 219 160 185 129 112 138 161 221 91 101 138 125 125 92 134 130 138 161 221 124 92 134 130 138 125 141 92 134 96 96 143 130 95 185 129 140 92 134 93 93 138 161 221 188 92 134 126 92 134 102 92 134 144 196 136 211 311 92 134 98 138 145 221 148 92 134 95 155 144 132 107 121 144 132 107 157 92 134 114 144 132 107 105 138 125 149 92 134 134 92 134 118 92 134 130 138 125 93 92 134 102 100 137 115 192 92 163 165 138 161 221 120 138 125 92 101 138 161 221 104 144 132 107 111 96 92 147 115 138 125 103 96 92 147 103 92 134 130 138 137 221 112 138 125 129 138 153 221 780 96 224 96 220 138 137 221 124 92 134 182 92 134 93 93 138 129 221 93 161 185 129 142 185 129 156 92 134 126 92 134 126 92 134 98 138 125 101 96 224 96 248 92 134 114 138 137 221 91 91 185 129 96 138 129 221 196 92 134 95 99 138 153 219 142 92 134 128 185 129 172 92 134 95 147 138 153 221 172 92 134 120 185 129 124 92 134 93 90 99 138 465 219 118 100 137 115 130 96 92 147 90 105 138 125 153 138 161 219 128 196 146 130 286 92 134 122 138 125 94 143 92 134 102 100 137 115 136 100 137 115 105 96 177 118 114 222 90 92 144 242 92 134 102 92 134 158 92 134 150 96 240 96 220 138 137 221 160 138 119 163 360 92 134 106 138 125 129 138 125 92 97 100 137 115 144 92 134 120 196 171 212 717 118 114 222 90 92 144 250 92 163 173 138 145 221 92 92 163 281 92 163 157 138 217 219 142 92 134 154 138 153 221 128 138 129 219 96 196 128 258 92 134 95 171 138 129 221 110 185 129 120 138 125 125 92 134 114 138 193 219 146 138 125 93 92 134 126 92 134 114 138 125 121 138 169 219 98 138 125 103 185 129 260 92 134 154 138 125 127 196 147 147 256 138 233 221 128 138 125 95 96 92 147 107 138 125 129 138 125 175 196 152 108 158 92 134 130 138 153 219 190 92 134 94 92 163 173 144 132 107 207 185 129 188 92 134 134 92 134 138 144 132 107 189 96 224 96 360 92 134 142 92 134 90 138 125 95 196 152 108 224 196 147 147 232 138 193 221 91 93 138 125 125 92 134 106 138 145 221 118 185 129 164 92 134 288 185 129 104 138 265 219 94 92 163 321 92 134 93 107 96 143 130 93 92 134 106 138 125 101 100 137 115 122 185 129 96 138 129 219 134 96 240 96 260 138 185 219 93 109 138 121 219 214 92 134 182 92 134 174 92 134 136 185 129 188 92 134 142 92 134 134 92 134 134 92 134 110 100 137 115 114 96 92 147 127 92 134 174 92 134 190 92 134 136 196 152 108 106 138 217 221 124 92 134 154 138 125 94 139 144 132 107 105 138 125 129 138 129 219 93 99 185 129 102 185 129 112 144 132 107 105 144 132 107 167 185 129 132 92 134 194 138 125 97 138 125 109 92 134 158 92 134 90 138 125 97 138 169 221 112 138 125 103 96 92 147 107 138 125 103 185 129 140 92 134 138 138 125 92 113 92 134 110 100 137 115 105 195 138 177 221 156 92 134 150 92 134 96 196 128 140 185 129 152 144 132 107 111 185 129 208 138 145 221 156 92 134 136 185 129 180 92 134 104 185 129 156 92 134 190 92 134 95 96 139 138 125 109 92 163 169 100 137 115 130 185 129 188 92 134 102 92 134 200 185 129 128 138 125 92 107 196 152 108 182 92 134 98 138 125 125 92 134 96 96 143 130 94 147 138 161 219 93 93 138 153 221 118 185 129 93 187 138 161 221 118 185 129 144 138 161 221 140 92 134 144 185 129 248 138 125 94 105 185 129 204 92 134 150 92 134 95 175 92 134 118 92 134 106 138 145 221 118 185 129 164 92 134 95 143 92 134 146 138 161 221 118 185 129 198 196 152 108 150 92 134 104 196 128 114 92 134 118 92 134 106 138 145 221 118 185 129 164 92 134 96 96 92 147 97 185 129 144 138 125 157 96 240 96 242 185 129 96 138 125 125 92 134 106 138 145 221 118 185 129 164 92 134 96 96 92 147 97 185 129 198 196 152 108 150 92 134 104 196 128 91 147 138 125 109 92 134 158 92 134 118 92 134 93 113 92 134 186 144 132 107 103 96 92 147 96 139 144 132 107 157 92 134 134 92 134 95 179 138 125 137 138 125 92 109 138 185 221 126 185 129 93 155 144 132 107 94 169 195 96 90 179 195 104 161 940 98 90 115 291 93 169 109 112 90 183 92 134 95 213 140 218 124 162 103 258 202 235 92 134 93 115 216 109 168 99 106 116 92 267 193 152 92 233 144 100 96 90 111 163 200 170 93 140 90 104 111 191 223 201 92 134 200 102 90 118 92 225 194 93 140 97 96 177 215 102 114 220 307 92 267 127 102 91 107 219 100 95 118 130 115 127 2392 95 177 90 154 129 165 164 97 177 225 202 127 91 97 90 109 106 95 92 135 224 154 175 147 379 201 343 202 253 103 97 153 102 90 312 201 207 217 136 131 91 129 200 106 91 312 159 130 200 90 214 103 1071 132 230 151 563 219 107 90 95 207 91 90 91 161 96 96 96 96 99 144 165 125 121 120 120 120 120 120 120 120 120 120 120 120 120 120 120 120 120 120 120 120 120 120 120 120 120 120 120 120 120 120 120 120 120 120 120 120 120 120 120 120 120 120 120 120 120 120 120 120 120 120 120 120 120 120 120 120 120 120 120 120 120 120 120 120 120 120 120 120 120 120 120 120 120 120 120 120 120 120 120 120 120 120 120 120 120 120 120 120 120 120 120 120 120 120 120 120 120 120 120 120 120 120 120 120 120 120 120 120 120 120 120 120 120 120 120 120 120 120 120 120 120 120 120 120 120 120 120 120 120 120 120 120 120 120 120 120 120 120 120 120 120 120 120 120 120 120 120 120 120 120 120 120 120 120 120 120 120 120 120 120 120 120 120 120 120 120 120 120 120 120 120 120 120 120 120 120 120 120 120 120 120 120 120 120 120 120 120 120 120 120 120 120 120 120 120 120 120 120 120 120 120 120 120 120 120 120 120 120 120 120 120 120 120 120 120 120 120 120 120 120 120 120 120 120 120 120 120 120 120 120 120 120 120 120 120 120 120 120 120 120 120 120 120 120 120 120 120 120 120 120 120 120 120 120 120 120 120 120 120 120 120 120 120 120 120 120 120 120 120 120 120 120 120 120 120 120 120 120 120 120 120 120 120 120 120 120 120 120 120 120 120 120 120 120 120 120 120 120 120 120 120 120 120 120 120 120 120 120 120 120 120 120 120 120 120 120 120 120 120 120 120 120 120 120 120 120 120 120 120 120 120 120 120 120 120 120 120 120 120 120 120 120 120 120 120 120 120 120 120 120 120 120 120 120 120 120 120 120 120 120 120 120 120 120 120 120 120 120 120 120 120 120 120 120 120 120 120 120 120 120 120 120 120 120 120 120 120 120 120 120 120 120 120 120 120 120 120 120 120 120 120 120 120 120 120 120 120 120 120 120 120 120 120 120 120 120 120 120 120 120 120 120 120 120 120 120 120 120 120 120 120 120 120 120 120 120 120 120 120 120 120 120 120 120 120 120 120 120 120 120 120 120 120 120 120 120 120 120 120 120 120 120 120 120 120 120 120 120 120 120 120 120 120 120 120 120 120 120 120 120 120 120 120 120 120 120 120 120 120 120 120 120 120 120 120 120 120 120 120 120 120 120 120 120 120 120 120 120 120 120 120 120 120 120 120 120 120 120 120 120 120 120 120 120 120 120 120 120 120 120 120 120 120 120 120 120 120 120 120 120 120 120 120 120 120 120 120 120 120 120 120 120 120 120 120 120 120 120 120 120 120 120 120 120 120 120 120 120 120 120 120 120 120 120 120 120 120 120 120 120 120 120 120 120 120 120 120 120 120 120 120 120 120 120 120 120 120 120 120 120 120 120 120 120 120 120 120 120 120 120 120 120 120 120 120 120 120 120 120 120 120 120 120 120 120 120 120 120 120 120 120 120 120 120 120 120 120 120 120 120 120 120 120 120 120 120 120 120 120 120 120 120 120 120 120 120 120 120 120 120 120 120 120 120 120 120 120 120 120 120 120 120 120 120 120 120 120 120 120 120 120 120 120 120 120 120 120 120 120 120 120 120 120 120 120 120 120 120 120 120 120 120 120 120 120 120 120 120 120 120 120 120 120 120 120 120 120 120 120 120 120 120 120 120 120 120 120 120 120 120 120 120 120 120 120 120 120 120 120 120 120 120 120 120 120 120 120 120 120 120 120 120 120 120 120 120 120 120 120 120 120 120 120 120 120 120 120 120 120 120 120 120 120 120 120 120 120 120 120 120 120 120 120 120 120 120 120 120 120 120 120 120 120 120 120 120 120 120 120 120 120 120 120 120 120 120 120 120 120 120 120 120 120 120 120 120 120 120 120 120 120 120 120 120 120 120 120 120 120 120 120 120 120 120 120 120 120 120 120 120 120 120 120 120 120 120 120 120 120 120 120 120 120 120 120 120 120 120 120 120 120 120 120 120 120 120 120 120 120 120 120 120 120 120 120 120 120 120 120 120 120 120 120 120 120 120 120 120 120 120 120 120 120 120 120 120 120 120 120 120 120 120 120 120 120 120 120 120 120 120 120 120 120 120 120 120 120 120 120 120 120 120 120 120 120 120 120 120 120 120 120 120 120 120 120 120 120 120 120 120 120 120 120 120 120 120 120 120 120 120 120 120 120 120 120 120 120 120 120 120 120 120 120 120 120 120 120 120 120 120 120 120 120 120 120 120 120 120 120 120 120 120 120 120 120 120 120 120 120 120 120 120 120 120 120 120 120 120 120 120 120 120 120 120 120 120 120 120 120 120 120 120 120 120 120 120 120 120 120 120 120 120 120 120 120 120 120 120 120 120 120 120 120 120 120 120 120 120 120 120 120 120 120 120 120 120 120 120 120 120 120 120 120 120 120 120 120 120 120 120 120 120 120 120 120 120 120 120 120 120 120 120 120 120 120 120 120 120 120 120 120 120 120 120 120 120 120 120 120 120 120 120 120 120 120 120 120 120 120 120 120 120 120 120 120 120 120 120 120 120 120 120 120 120 120 120 120 120 120 120 120 120 120 120 120 120 120 120 120 120 120 120 120 120 120 120 120 120 120 120 120 120 120 120 120 120 120 120 120 120 120 120 120 120 120 120 120 120 120 120 120 120 120 120 120 120 120 120 120 120 120 120 120 120 120 120 120 120 120 120 120 120 120 120 120 120 120 120 120 120 120 120 120 120 120 120 120 120 120 120 120 120 120 120 120 120 120 120 120 120 120 120 120 120 120 120 120 120 120 120 120 120 120 120 120 120 120 120 120 120 120 120 120 120 120 120 120 120 120 120 120 120 120 120 120 120 120 120 120 120 120 120 120 120 120 120 120 120 120 120 120 120 120 120 120 120 120 120 120 120 120 120 120 120 120 120 120 120 120 120 120 120 120 120 120 120 120 120 120 120 120 120 120 120 120 120 120 120 120 120 120 120 120 120 120 120 120 120 120 120 120 120 120 120 120 120 120 120 120 120 120 120 120 120 120 120 120 120 120 120 120 120 120 120 120 120 120 120 120 120 120 120 120 120 120 120 120 120 120 120 120 120 120 120 120 120 120 120 120 120 120 120 120 120 120 120 120 120 120 120 120 120 120 120 120 120 120 120 120 120 120 120 120 120 120 120 120 120 120 120 120 120 120 120 120 120 120 120 120 120 120 120 120 120 120 120 120 120 120 120 120 120 120 120 120 120 120 120 120 120 120 120 120 120 120 120 120 120 120 120 120 120 120 120 120 120 120 120 120 120 120 120 120 120 120 120 120 120 120 120 120 120 120 120 120 120 120 120 120 120 120 120 120 120 120 120 120 120 120 120 120 120 120 120 120 120 120 120 120 120 120 120 120 120 120 120 120 120 120 120 120 120 120 120 120 120 120 120 120 120 120 120 120 120 120 120 120 120 120 120 120 120 120 120 120 120 120 120 120 120 120 120 120 120 120 120 120 120 120 120 120 120 120 120 120 120 120 120 120 120 120 120 120 120 120 120 120 120 120 120 120 120 120 120 120 120 120 120 120 120 120 120 120 120 120 120 120 120 120 120 120 120 120 120 120 120 120 120 120 120 120 120 120 120 120 120 120 120 120 120 120 120 120 120 120 120 120 120 120 120 120 120 120 120 120 120 120 120 120 120 120 120 120 120 120 120 120 120 120 120 120 120 120 120 120 120 120 120 120 120 120 120 120 120 120 120 120 120 120 120 120 120 120 120 120 120 120 120 120 120 120 120 120 120 120 120 120 120 120 120 120 120 120 120 120 120 120 120 120 120 120 120 120 120 120 120 120 120 120 120 120 120 120 120 120 120 120 120 120 120 120 120 120 120 120 120 120 120 120 120 120 120 120 120 120 120 120 120 120 120 120 120 120 120 120 120 120 120 120 120 120 120 120 120 120 120 120 120 120 120 120 120 120 120 120 120 120 120 120 120 120 120 120 120 120 120 120 120 120 120 120 120 120 120 120 120 120 120 120 120 120 120 120 120 120 120 120 120 120 120 120 120 120 120 120 120 120 120 120 120 120 120 120 120 120 120 120 120 120 120 120 120 120 120 120 120 120 120 120 120 120 120 120 120 120 120 120 120 120 120 120 120 120 120 120 120 120 120 120 120 120 120 120 120 120 120 120 120 120 120 120 120 120 120 120 120 120 120 120 120 120 120 120 120 120 120 120 120 120 120 120 120 120 120 120 120 120 120 120 120 120 120 120 120 120 120 120 120 120 120 120 120 120 120 120 120 120 120 120 120 120 120 120 120 120 120 120 120 120 120 120 120 120 120 120 120 120 120 120 120 120 120 120 120 120 120 120 120 120 120 120 120 120 120 120 120 120 120 120 120 120 120 120 120 120 120 120 120 120 120 120 120 120 120 120 120 120 120 120 120 120 120 120 120 120 120 120 120 120 120 120 120 120 120 120 120 120 120 120 120 120 120 120 120 120 120 120 120 120 120 120 120 120 120 120 120 120 120 120 120 120 120 120 120 120 120 120 120 120 120 120 120 120 120 120 120 120 120 120 120 120 120 120 120 120 120 120 120 120 120 120 120 120 120 120 120 120 120 120 120 120 120 120 120 120 120 120 120 120 120 120 120 120 120 120 120 120 120 120 120 120 120 120 120 120 120 120 120 120 120 120 120 120 120 120 120 120 120 120 120 120 120 120 120 120 120 120 120 120 120 120 120 120 120 120 120 120 120 120 120 120 120 120 120 120 120 120 120 120 120 120 120 120 120 120 120 120 120 120 120 120 120 120 120 120 120 120 120 120 120 120 120 120 120 120 120 120 120 120 120 120 120 120 120 120 120 120 120 120 120 120 120 120 120 120 120 120 120 120 120 120 120 120 120 120 120 120 120 120 120 120 120 120 120 120 120 120 120 120 120 120 120 120 120 120 120 120 120 120 120 120 120 120 120 120 120 120 120 120 120 120 120 120 120 120 120 120 120 120 120 120 120 120 120 120 120 120 120 120 120 120 120 120 120 120 120 120 120 120 120 120 120 120 120 120 120 120 120 120 120 120 120 120 120 120 120 120 120 120 120 120 120 120 120 120 120 120 120 120 120 120 120 120 120 120 120 120 120 120 120 120 120 120 120 120 120 120 120 120 120 120 120 120 120 120 120 120 120 120 120 120 120 120 120 120 120 120 120 120 120 120 120 120 120 120 120 120 120 120 120 120 120 120 120 120 120 120 120 120 120 120 120 120 120 120 120 120 120 120 120 120 120 120 120 120 120 120 120 120 120 120 120 120 120 120 120 120 120 120 120 120 120 120 120 120 120 120 120 120 120 120 120 120 120 120 120 120 120 120 120 120 120 120 120 120 120 120 120 120 120 120 120 120 120 120 120 120 120 120 120 120 120 120 120 120 120 120 120 120 120 120 120 120 120 120 120 120 120 120 120 120 120 120 120 120 120 120 120 120 120 120 120 120 120 120 120 120 120 120 120 120 120 120 120 120 120 120 120 120 120 120 120 120 120 120 120 120 120 120 120 120 120 120 120 120 120 120 120 120 120 120 120 120 120 120 120 120 120 120 120 120 120 120 120 120 120 120 120 120 120 120 120 120 120 120 120 120 120 120 120 120 120 120 120 120 120 120 120 120 120 120 120 120 120 120 120 120 120 120 120 120 120 120 120 120 120 120 120 120 120 120 120 120 120 120 120 120 120 120 120 120 120 120 120 120 120 120 120 120 120 120 120 120 120 120 120 120 120 120 120 120 120 120 120 120 120 120 120 120 120 120 120 120 120 120 120 120 120 120 120 120 120 120 120 120 120 120 120 120 120 120 120 120 120 120 120 120 120 120 120 120 120 120 120 120 120 120 120 120 120 120 120 120 120 120 120 120 120 120 120 120 120 120 120 120 120 120 120 120 120 120 120 120 120 120 120 120 120 120 120 120 120 120 120 120 120 120 120 120 120 120 120 120 120 120 120 120 120 120 120 120 120 120 120 120 120 120 120 120 120 120 120 120 120 120 120 120 120 120 120 120 120 120 120 120 120 120 120 120 120 120 120 120 120 120 120 120 120 120 120 120 120 120 120 120 120 120 120 120 120 120 120 120 120 120 120 120 120 120 120 120 120 120 120 120 120 120 120 120 120 120 120 120 120 120 120 120 120 120 120 120 120 120 120 120 120 120 120 120 120 120 120 120 120 120 120 120 120 120 120 120 120 120 120 120 120 120 120 120 120 120 120 120 120 120 120 120 120 120 120 120 120 120 120 120 120 120 120 120 120 120 120 120 120 120 120 120 120 120 120 120 120 120 120 120 120 120 120 120 120 120 120 120 120 120 120 120 120 120 120 120 120 120 120 120 120 120 120 120 120 120 120 120 120 120 120 120 120 120 120 120 120 120 120 120 120 120 120 120 120 120 120 120 120 120 120 120 120 120 120 120 120 120 120 120 120 120 120 120 120 120 120 120 120 120 120 120 120 120 120 120 120 120 120 120 120 120 120 120 120 120 120 120 120 120 120 120 120 120 120 120 120 120 120 120 120 120 120 120 120 120 120 120 120 120 120 120 120 120 120 120 120 120 120 120 120 120 120 120 120 120 120 120 120 120 120 120 120 120 120 120 120 120 120 120 120 120 120 120 120 120 120 120 120 120 120 120 120 120 120 120 120 120 120 120 120 120 120 120 120 120 120 120 120 120 120 120 120 120 120 120 120 120 120 120 120 120 120 120 120 120 120 120 120 120 120 120 120 120 120 120 120 120 120 120 120 120 120 120 120 120 120 120 120 120 120 120 120 120 120 120 120 120 120 120 120 120 120 120 120 120 120 120 120 120 120 120 120 120 120 120 120 120 120 120 120 120 120 120 120 120 120 120 120 120 120 120 120 120 120 120 120 120 120 120 120 120 120 120 120 120 120 120 120 120 120 120 120 120 120 120 120 120 120 120 120 120 120 120 120 120 120 120 120 120 120 120 120 120 120 120 120 120 120 120 120 120 120 120 120 120 120 120 120 120 120 120 120 120 120 120 120 120 120 120 120 120 120 120 120 120 120 120 120 120 120 120 120 120 120 120 120 120 120 120 120 120 120 120 120 120 120 120 120 120 120 120 120 120 120 120 120 120 120 120 120 120 120 120 120 120 120 120 120 120 120 120 120 120 120 120 120 120 120 120 120 120 120 120 120 120 120 120 120 120 120 120 120 120 120 120 120 120 120 120 120 120 120 120 120 120 120 120 120 120 120 120 120 120 120 120 120 120 120 120 120 120 120 120 120 120 120 120 120 120 120 120 120 120 120 120 120 120 120 120 120 120 120 120 120 120 120 120 120 120 120 120 120 120 120 120 120 120 120 120 120 120 120 120 120 120 120 120 120 120 120 120 120 120 120 120 120 120 120 120 120 120 120 120 120 120 120 120 120 120 120 120 120 120 120 120 120 120 120 120 120 120 120 120 120 120 120 120 120 120 120 120 120 120 120 120 120 120 120 120 120 120 120 120 120 120 120 120 120 120 120 120 120 120 120 120 120 120 120 120 120 120 120 120 120 120 120 120 120 120 120 120 120 120 120 120 120 120 120 120 120 120 120 120 120 120 120 120 120 120 120 120 120 120 120 120 120 120 120 120 120 120 120 120 120 120 120 120 120 120 120 120 120 120 120 120 120 120 120 120 120 120 120 120 120 120 120 120 120 120 120 120 120 120 120 120 120 120 120 120 120 120 120 120 120 120 120 120 120 120 120 120 120 120 120 120 120 120 120 120 120 120 120 120 120 120 120 120 120 120 120 120 120 120 120 120 120 120 120 120 120 120 120 120 120 120 120 120 120 120 120 120 120 120 120 120 120 120 120 120 120 120 120 120 120 120 120 120 120 120 120 120 120 120 120 120 120 120 120 120 120 120 120 120 120 120 120 120 120 120 120 120 120 120 120 120 120 120 120 120 120 120 120 120 120 120 120 120 120 120 120 120 120 120 120 120 120 120 120 120 120 120 120 120 120 120 120 120 120 120 120 120 120 120 120 120 120 120 120 120 120 120 120 120 120 120 120 120 120 120 120 120 120 120 120 120 120 120 120 120 120 120 120 120 120 120 120 120 120 120 120 120 120 120 120 120 120 120 120 120 120 120 120 120 120 120 120 120 120 120 120 120 120 120 120 120 120 120 120 120 120 120 120 120 120 120 120 120 120 120 120 120 120 120 120 120 120 120 120 120 120 120 120 120 120 120 120 120 120 120 120 120 120 120 120 120 120 120 120 120 120 120 120 120 120 120 120 120 120 120 120 120 120 120 120 120 120 120 120 120 120 120 120 120 120 114 96 96 96 96 96 96 96 96 96 96 96 96 96 96 96 96 96 169 198 105 102 120 120 120 120 120 120 120 120 120 120 120 120 120 120 120 120 120 120 120 120 120 120 120 120 120 120 120 120 120 120 120 120 120 120 120 120 120 120 120 120 120 120 120 120 120 120 120 120 120 120 120 120 120 120 120 120 120 120 120 120 120 120 120 120 120 120 120 120 120 120 120 120 120 120 120 120 120 120 120 120 120 120 120 120 120 120 120 120 120 120 120 120 120 120 131 102 90 93 90 109 252 93 173 368 138 125 92 93 138 125 125 92 134 206 92 134 93 105 92 134 158 92 134 116 130 236 270 96 152 268 