block move [sync]lane,cost,sg:[3]4,600,5
block move [sync]lane,cost,sg:[7]35,807,6
extra move A_ [sync]lane,cost,sg:[3]0,1110,9
extra move B_ [sync]lane,cost,sg:[7]0,1242,10
extra move C_ [sync]lane,cost,sg:[2]0,1466,20
extra move D_ [sync]lane,cost,sg:[7]0,2317,21
extra move E_ [sync]lane,cost,sg:[5]0,546,5
extra move F_ [sync]lane,cost,sg:[3]0,8359,72
extra move G_ [sync]lane,cost,sg:[3]0,12472,109
extra move H_ [sync]lane,cost,sg:[7]0,610,5
extra move J_ [sync]lane,cost,sg:[3]0,912,8
extra move K_ [sync]lane,cost,sg:[1]0,14051,120
extra move L_ [sync]lane,cost,sg:[1]0,566,5
extra move LA [sync]lane,cost,sg:[1]-34,649,6
extra move LB [sync]lane,cost,sg:[1]-33,842,8
extra move LC [sync]lane,cost,sg:[1]-25,717,7
extra move LD [sync]lane,cost,sg:[3]-10,414,4
extra move LE [sync]lane,cost,sg:[1]-12,316,3
extra move LF [sync]lane,cost,sg:[1]-17,711,6
extra move LG [sync]lane,cost,sg:[3]-15,425,4
extra move LH [sync]lane,cost,sg:[3]10,393,3
extra move LI [sync]lane,cost,sg:[3]34,695,6
extra move LJ [sync]lane,cost,sg:[1]-7,457,4
extra move LK [sync]lane,cost,sg:[5]-1,353,3
extra move LL [sync]lane,cost,sg:[1]22,863,8
extra move LN [sync]lane,cost,sg:[3]29,825,8
extra move LO [sync]lane,cost,sg:[1]-5,405,4
extra move LS [sync]lane,cost,sg:[1]23,646,5
extra move LW [sync]lane,cost,sg:[1]25,804,7
extra move M_ [sync]lane,cost,sg:[3]0,1043,10
extra move N_ [sync]lane,cost,sg:[3]0,1872,15
extra move O_ [sync]lane,cost,sg:[3]0,1053,9
extra move P_ [sync]lane,cost,sg:[7]0,1085,9
extra move Q_ [sync]lane,cost,sg:[3]0,3656,30
extra move R_ [sync]lane,cost,sg:[3]0,597,5
extra move RA [sync]lane,cost,sg:[3]-14,539,5
extra move RB [sync]lane,cost,sg:[3]-9,368,4
extra move RC [sync]lane,cost,sg:[1]-11,538,4
extra move RD [sync]lane,cost,sg:[3]-4,282,3
extra move S_ [sync]lane,cost,sg:[7]0,570,5
extra move T_ [sync]lane,cost,sg:[0]0,2086,1
extra move TG [sync]lane,cost,sg:[0]0,4051,1
extra move TS [sync]lane,cost,sg:[0]0,2209,1
extra move U_ [sync]lane,cost,sg:[3]0,767,6
extra move V_ [sync]lane,cost,sg:[3]0,1419,12
extra move VA [sync]lane,cost,sg:[5]0,889,8
extra move W_ [sync]lane,cost,sg:[5]0,1800,15
extra move WB [sync]lane,cost,sg:[1]0,210,2
extra move WC [sync]lane,cost,sg:[3]0,330,3
extra move WD [sync]lane,cost,sg:[6]0,90,0
extra move WZ [sync]lane,cost,sg:[5]0,2809,23
extra move X_ [sync]lane,cost,sg:[3]0,727,8
extra move Y_ [sync]lane,cost,sg:[3]0,1727,15
extra move Z_ [sync]lane,cost,sg:[3]0,481,4
extra move ZA [sync]lane,cost,sg:[3]0,605,6
extra move AA [sync]lane,cost,sg:[5]0,633,5
extra move GR [sync]lane,cost,sg:[3]22,500,4
maxPlus changed to 3(0eL)+3=6
minMinus changed to -87(1eL)+-37=-124
maxPlus changed to 5(6eL)+3=8
minMinus changed to -92(1bL)+-37=-129
minMinus changed to -92(1oL)+-37=-129
maxPlus changed to 3(0oR)+3=6
maxPlus changed to 5(0oR)+3=8
maxPlus changed to 8(0oR)+3=11
maxPlus changed to 11(4oR)+3=14
maxPlus changed to 14(0oR)+3=17
maxPlus changed to 16(1oR)+3=19
maxPlus changed to 4(0r_)+3=7
maxPlus changed to 7(4r_)+3=10
maxPlus changed to 3(4A_)+3=6
minMinus changed to -82(1B_)+-37=-119
maxPlus changed to 3(3C_)+3=6
minMinus changed to -82(1D_)+-37=-119
maxPlus changed to 3(6E_)+3=6
minMinus changed to -82(1E_)+-37=-119
maxPlus changed to 3(4F_)+3=6
maxPlus changed to 3(4G_)+3=6
minMinus changed to -82(1H_)+-37=-119
maxPlus changed to 3(4J_)+3=6
maxPlus changed to 3(2K_)+3=6
maxPlus changed to 3(2L_)+3=6
minMinus changed to -114(1LA)+-37=-151
minMinus changed to -113(1LB)+-37=-150
minMinus changed to -105(1LC)+-37=-142
minMinus changed to -92(1LE)+-37=-129
minMinus changed to -97(1LF)+-37=-134
maxPlus changed to 4(1LH)+3=7
maxPlus changed to 5(1LH)+3=8
minMinus changed to -87(1LJ)+-37=-124
maxPlus changed to 2(6LK)+3=5
minMinus changed to -83(1LK)+-37=-120
minMinus changed to -85(1LO)+-37=-122
maxPlus changed to 3(4M_)+3=6
maxPlus changed to 3(4N_)+3=6
maxPlus changed to 3(4O_)+3=6
minMinus changed to -82(1P_)+-37=-119
maxPlus changed to 3(4Q_)+3=6
maxPlus changed to 3(4R_)+3=6
minMinus changed to -91(1RC)+-37=-128
minMinus changed to -82(1S_)+-37=-119
maxPlus changed to 3(1T_)+3=6
maxPlus changed to 3(1TG)+3=6
maxPlus changed to 3(1TS)+3=6
maxPlus changed to 3(4U_)+3=6
maxPlus changed to 3(4V_)+3=6
maxPlus changed to 3(6VA)+3=6
minMinus changed to -82(1VA)+-37=-119
maxPlus changed to 3(6W_)+3=6
minMinus changed to -82(1W_)+-37=-119
maxPlus changed to 3(2WB)+3=6
maxPlus changed to 3(4WC)+3=6
maxPlus changed to 3(7WD)+3=6
minMinus changed to -82(1WD)+-37=-119
maxPlus changed to 3(6WZ)+3=6
minMinus changed to -82(1WZ)+-37=-119
maxPlus changed to 3(4X_)+3=6
maxPlus changed to 3(4Y_)+3=6
maxPlus changed to 3(4Z_)+3=6
maxPlus changed to 3(4ZA)+3=6
maxPlus changed to 3(6AA)+3=6
minMinus changed to -82(1AA)+-37=-119

r  b-30 b-30 e-12 o-6 b1 e2 b-3 b-5 e4|e5|o8|o9 o8 e16 o25  K130  o-25  b3 o-5 o-18 b-30 o-22 w15 w15 w15 w15 w15 GR-24  b-10 b-5|b-2|b-1 e-8 b0 e-2 b-10 o11 b57 o53 b68 b73|b76|b77 e70 b78 e76 b68 o89 b135 o131 b146 b151|b154|b155 e148 b156 e154 b146 o167 b213 o209 b224 b229|b232|b233 e226 b234 e232 b224 o245 b291 o287 b302 b307|b310|b311 e304 b312 e310 b302 o323 b369 o365 b380 b385|b388|b389 e382 b390 e388 b380 o401 b447 o443 b458 b463|b466|b467 e460 b468 e466 b458 o479 b525 o521 b536 b541|b544|b545 e538 b546 e544 b536 o557 b603 o599 b614 b619|b622|b623 e616 b624 e622 b614 o635 b681 o677 b692 b697|b700|b701 e694 b702 e700 b692 o713 b759 o755 b770 b775|b778|b779 e772 b780 e778 b770 o791 b837 o833 b848 b853|b856|b857 e850 b858 e856 b848 o869 b915 o911 b926 b931|b934|b935 e928 b936 e934 b926 o947 b993 o989 b1004 b1009|b1012|b1013 e1006 b1014 e1012 b1004 o1025 b1071 o1067 b1082 b1087|b1090|b1091 e1084 b1092 e1090 b1082 o1103 b1149 o1145 b1160 b1165|b1168|b1169 e1162 b1170 e1168 b1160 o1181 b1227 o1223 b1238 b1243|b1246|b1247 e1240 b1248 e1246 b1238 o1259 b1296 b1289 e1297 e1310 b1322 o1314 w10 GR1316 b1306|b1307|b1310 b1323 b1313 b1321 b1313   b32 o35 e42 b50 e33   b-33|b-32|b-29 b-33 b-34|b-33 b-13 b-26   l J1072 b1076 b1082|b1085|b1086 b1081 b1090 e1076 e1090 e1069|e1070|e1071|o1066|o1067|o1068 e1071 b1056 b1049 e1052 e1052 b1047 e1060 e1056 b1038 b1028 b1052 b1061 e1061 b1065 e1069 o1065 e1068 o1055 e1054 o1067 b1069|b1070|b1071|b1072|b1073|b1074 b1031 b1024 o1039 o1030 o1018|o1019 o1021 o1018 b1036 b1033|b1038 e1033 e1026 e1023 e1035 o1037 b1040|b1047|b1050|b1051 o1047 o1055 b1054 b1044 b1047 b1053|b1056|b1057 e1050 o1036 e1033 e1055 b1058 b1068 b1067 b1064 e1067 e1077 b1066 b1071 b1060 e1071 e1075|e1076|o1079|o1080 e1075 o1082 e1067 e1058 e1051 e1053|e1054|o1049|o1050 e1048 e1055|e1056|o1059|o1060 o1058 b1059|b1060 b1043 b1033 b1042 b1039|b1044 b1032 b1035 b1044 b1040 b1067 b1055|b1056|b1057|b1058|b1059|b1060 b1064|b1065|b1066|b1067|b1068|b1069 b1068 e1072 e1080 e1082 o1066 e1070 o1060 e1070 o1004 o1006 e1004 e1011 e1008 e998 o1004 e1001 b1008 b1000 e1008 b999 e999 e1001 e999 e984 o993 e1018 e1014 e1009 b1030 b1021 b1019 e1038 o1027 e1016 b1024|b1027|b1029|b1030|b1034 b1030 b1035 e1025 b1012 b1011 b1020 e1016 e1036 b1032 e1023 b1016 e1024 o1006 b1004|b1005|b1006|b1007|b1008 e1000 e1001 o989   l J1230 b1243 b1233|b1234|b1237 b1238 b1229 o1243 o1229 e1251|e1252|e1253|o1248|o1249|o1250 o1248 b1263 b1279 b1269|b1270|b1273 b1274 b1265 o1279 o1265 e1287|e1288|e1289|o1284|o1285|o1286 o1284 b1299 b1315 b1305|b1306|b1309 b1310 b1301 o1315 o1301 e1323|e1324|e1325|o1320|o1321|o1322 o1320 b1335 b1342 b1340|b1345 e1340 o1340 o1330 b1341 b1331 b1334 o1335 e1323 o1334 b1366 b1366 b1363|b1368 e1363 o1377 e1375 b1363 e1359 b1368|b1369|b1370|b1371|b1372|b1373 e1369 o1363 e1358 o1367 o1371 b1366 e1369 e1364|e1365|e1366|o1361|o1362|o1363 b1388 e1385 o1375 o1393 o1376|o1377 b1372 b1383 b1380 e1379 e1379 e1394 o1388 o1394 b1358 b1355|b1360 e1360 o1346 e1351 b1360 b1359|b1360 o1363 e1344 o1354 e1374 o1372 o1367 b1387 e1391 e1397|e1398|o1393|o1394 o1388 e1388 b1381|b1382|b1383|b1384 b1387 o1383 b1393 e1397 o1402 b1393 b1381 b1381 e1378 e1380 o1363 e1358 o1363 e1371 b1377|b1378 b1385 b1373|b1374|b1375|b1376|b1377|b1378 b1382|b1383|b1384|b1385|b1386|b1387 b1386 e1390 e1398 e1400 o1384 e1388 o1378 e1388 b1324 b1329|b1332|b1333 e1326 o1312 e1329 b1326 b1326 b1318 e1326 b1317 e1317 e1319 e1317 e1302 o1311 e1336 e1332 e1327 b1348 b1339 b1337 e1356 o1345 b1342|b1345|b1347|b1348|b1352 e1336 b1334 e1330 e1338 e1318 e1319 o1307 o1320 e1320 o1335 o1338 b1341 e1338 b1347|b1348|b1349|b1350|b1351 o1340 o1330 e1329 e1338 e1358|e1359 e1352 b1354 e1355 e1352|e1353|o1348|o1349 e1339 o1339 o1354 o1355 o1349 b1347 e1349 o1346 e1344 b1349 e1346 e1359 o1348 o1319 e1324 o1323 o1322 e1316 o1334 b1333|b1334|b1337|b1344 e1308 b1312|b1313|b1314|b1315|b1316|b1317 e1319 e1328  Q1356   l J2101 b2104 b2110|b2113|b2114 b2109 b2118 e2104 e2118 e2097|e2098|e2099|o2094|o2095|o2096 e2099 b2084 b2068 b2074|b2077|b2078 b2073 b2082 e2068 e2082 e2061|e2062|e2063|o2058|o2059|o2060 e2063 b2048 b2041 b2038|b2043 o2038 b2030 o2053 o2040 e2056 o2030 b2034 b2031|b2036 o2031 b2019 b2023 o2046 o2033 e2049 o2023 b2027 b2024|b2029 o2024 b2012 b2016 o2039 o2026 e2042 o2016 b2000|b2005 b2020 b2030 b2017 b2006 b2007 b1998 e2002 e2008|e2009|o2004|o2005 o2006 e2011 b1989|b1990|b1991|b1992|b1993 o1995 b1998|b1999 e2002 b2017 o2014 b2030 e2010 o1999 b1990 b2004 b2002 b2002 e2005 o2009 b2009 e2029 b2023 b2028|b2029 b1987 b1970 b1968|b1973 o1968 o1983 o1970 e1966 b1971 o1957 o1957 b1947|b1948|b1949|b1950 b1941 b1939|b1944 e1939 b1931 o1946 b1982 b1979|b1984 e1984 o1970 e1975 b1984 b1983|b1984 o1987 b1991 e2001 b1998 e1985 b1987 e1968 o1978 b1981 b1982 e1989 b1974|b1975|b1978 b1950 b1942 e1950 b1941 e1941 e1943 e1941 e1926 o1935 e1951 e1942 e1943 o1931 e1960 o1956 e1966 b1965 e1962 b1971|b1972|b1973|b1974|b1975 o1964 V1952 o1954 e1953 o1959 e1974 o1969 b1982 b1985 e1994 b2017 e2021 o2026 b2017 b2005 b2005 e2002 e2004 o1987 e1982 o1987 e1995 b2001|b2002 b2009 b1997|b1998|b1999|b2000|b2001|b2002 b2006|b2007|b2008|b2009|b2010|b2011 b2010 e2014 e2022 e2024 o2008 e2012 o2002 e2012 b1987 b1984|b1989 e1989 o1980 e1981 e1983|e1984|o1979|o1980 e1991 e1986 e1987 e1989|e1993 b1974 e1971 o1978 o1974 e1987 b1986 o1972 b1964 e1963 b1958 e1972 o1972 e1966 e1979   l J2322 b2335 b2325|b2326|b2329 b2330 b2321 o2335 o2321 e2343|e2344|e2345|o2340|o2341|o2342 o2340 b2355 b2371 b2361|b2362|b2365 b2366 b2357 o2371 o2357 e2379|e2380|e2381|o2376|o2377|o2378 o2376 b2391 b2407 b2397|b2398|b2401 b2402 b2393 o2407 o2393 e2415|e2416|e2417|o2412|o2413|o2414 o2412 b2427 b2443 b2433|b2434|b2437 b2438 b2429 o2443 o2429 e2451|e2452|e2453|o2448|o2449|o2450 o2448 b2463 b2479 b2469|b2470|b2473 b2474 b2465 o2479 o2465 e2487|e2488|e2489|o2484|o2485|o2486 o2484 b2499 b2506 b2504|b2509 e2509 b2517 e2494 e2507 o2491 e2517 b2528|b2533 b2512 b2512 b2502 b2505 b2527 e2524 o2527 e2510 e2486|o2495 b2513|b2520|b2523|b2524 b2511 o2511 o2497 o2506 o2512 o2517 o2504 b2491|b2492|b2493|b2494|b2495 e2500 e2488|e2495 b2487 e2485 e2495 o2486 e2483 e2494 o2489 o2494 b2492 b2501 b2490 b2489 e2486 e2489|e2490|o2485|o2486 e2485 o2476 e2483 e2478 e2482 e2475 b2486 b2473 b2479|b2482|b2483 b2478 e2481 o2467 b2458|b2459|b2462 b2474 e2469 o2461 o2455 e2471 b2465 e2472 e2472 b2465 e2469 e2477 b2475 e2468 e2476 o2475 e2461 e2453 b2451 e2448 o2440 e2436 o2440 o2450 e2453 o2432 o2448 e2458 e2461 o2452 e2442 e2458 o2454 b2481|b2482|b2483|b2484|b2485|b2486 b2493 b2525 b2526 b2516 b2525 b2532 b2526 b2516|b2521|b2522|b2527 b2515 b2516 b2507|b2508|b2511 b2516 e2523 o2514 o2506 e2530 e2532|e2533|o2528|o2529 e2533 e2537 b2539 e2527 e2518 e2511 e2513|e2514|o2509|o2510 e2508 e2515|e2516|o2519|o2520 o2518 b2519|b2520 b2491|b2496 e2496 o2497 e2500 e2510 e2514 e2506 o2508 b2527 b2515|b2516|b2517|b2518|b2519|b2520 b2506 b2503|b2508 e2508 e2502|e2503|o2506|o2507 e2491|e2492|o2487|o2488 b2484 b2492 e2495 e2510 o2498 e2511 e2518 b2524|b2525|b2526|b2527|b2528|b2529 e2535 e2543 b2550  o2532 b2540 b2547|b2548|b2549|b2550|b2551|b2552 b2543 b2550 e2542 o2517 e2526 b2526 b2528 b2526 e2522 e2530 o2518 e2517 e2518|e2519|o2514|o2515 o2513 e2518 o2516 b2523 b2523 e2522 o2534 o2520 e2519 e2533 e2527  P1004  C12

finally 0: cost 422596
finally 1: cost 427996
0: =\AACA*47aA*78aA*150aA*58eA*126gA*96aA*78gA*104gA*128kA*125aA*46iA*484yDA*4CA*6CA*15hA*135gA*9DA*13iA*22dA*12aA*66eA*14A*30A*30A*30A*30A*30A*30A*30A*30A*30A*30A*30A*30A*30A*30A*30A*30A*30A*30A*30A*30A*30A*30A*30A*30A*21CA*111¦A*140aA*110aA*54aA*110aA*70aA*46aA*94iA*286gA*8iA*142aA*110aA*54aA*110aA*70aA*46aA*94iA*286gA*8iA*142aA*110aA*54aA*110aA*70aA*46aA*94iA*286gA*8iA*142aA*110aA*54aA*110aA*70aA*46aA*94iA*286gA*8iA*142aA*110aA*54aA*110aA*70aA*46aA*94iA*286gA*8iA*142aA*110aA*54aA*110aA*70aA*46aA*94iA*286gA*8iA*142aA*110aA*54aA*110aA*70aA*46aA*94iA*286gA*8iA*142aA*110aA*54aA*110aA*70aA*46aA*94iA*286gA*8iA*142aA*110aA*54aA*110aA*70aA*46aA*94iA*286gA*8iA*142aA*110aA*54aA*110aA*70aA*46aA*94iA*286gA*8iA*142aA*110aA*54aA*110aA*70aA*46aA*94iA*286gA*8iA*142aA*110aA*54aA*110aA*70aA*46aA*94iA*286gA*8iA*142aA*110aA*54aA*110aA*70aA*46aA*94iA*286gA*8iA*142aA*110aA*54aA*110aA*70aA*46aA*94iA*286gA*8iA*142aA*110aA*54aA*110aA*70aA*46aA*94iA*286gA*8iA*142aA*110aA*54aA*110aA*70aA*46aA*94iA*286gA*8iA*142aA*110aA*54aA*110aA*70aA*46aA*94iA*230aA*70gA*144gA*144aA*126aAAeA*14A*30A*30A*27BA*24CA*127¦A*44aA*166gA*72gA*144gA*80gA*7CA*6CA*6CA*6CA*6CA*6CA*6CA*6CA*6CA*6CA*6CA*6CA*6CA*6CA*6CA*6CA*6CA*6CA*6CA*6CA*6CA*6CA*6CA*6CA*6CA*6CA*6CA*6CA*6CA*6CA*6CA*6CA*6CA*6CA*6CA*7aA*22iA*110aA*110aA*30gADA*4CA*7aA*94gA*88aA*182gA*40aA*4454xA*110HA*68HXA*40YA*4FA*106GA*3CA*113XA*24ZA*4HA*3BA*3XA*16YA*44GA*38XA*56YA*28GAAOA*234HA*40XA*8ZA*40XA*24ZA*8XA*16YABA*3XYA*78XA*16ZA*5CA*17NA*19HA*64WA*40HA*16NA*35HA*116HA*3BA*19XA*8ZA*14GA*30JA*55JA*31NA*53SA*80XYA*26HA*16XA*32ZA*30GA*42HA*12IA*75JA*75HA*84HNA*35HJA*47JA*19HA*24NA*3HA*32JA*55NA*11IA*71HA*5CA*73JA*21PA*37XYA*70NA*43HA*20MA*11MA*23XA*40YA*14NA*19HA*16XA*40YA*50HA*112NA*3HA*40XA*16YA*60GA*108GA*84GA*34HA*38GA*58HA*62GABCA*13HA*52HA*14GA*70JA*29GA*36GA*122HA*12IA*71HA*12HA*54GA*22XA*8ZA*16JA*35IAEAABA*27XA*104YA*28GA*22JA*125GA*22XZA*118GA*14NA*21EA*7XA*16YA*58MA*7JA*11HXA*40YA*28GA*156GA*82HA*3BA*15IA*15HA*54GA*26HA*36HA*6GA*46JAABA*3NA*965xA*118MA*23XA*24YAAMA*131MA*7XA*96ZA*52HA*64XA*72ZXA*8YAAMA*131MA*7XA*96ZA*52HA*64XA*72ZXA*8YAAMA*131MA*7XA*96ZA*52HA*64XA*32YA*58HA*22GA*74OA*154MA*23XA*16YA*30NAABA*7IA*87HA*172HA*44HA*3BA*19XA*8ZA*80XZA*3BA*3NA*11IA*43XA*8ZNA*5GA*94NA*23NA*27HJAABA*19XA*112YA*34IA*17LA*73NAABA*7HA*28HA*48NA*35HA*20IA*23IA*81GA*74HA*68HA*5CA*45HA*3BA*19XA*24YA*10HA*8JA*99HNA*23NAABA*17EA*43HA*102GA*90HA*3BA*11NA*87XA*24ZA*52QA*116GA*30XA*32ZA*8NA*47XA*24ZA*84HA*3BA*7MA*15XA*8ZA*30GA*84GAAMA*61GA*78XA*40ZA*86SNA*47XA*16YA*60GA*108GA*84GA*34HA*38GA*58HA*62GA*3CA*8DA*11HA*24NA*13GA*42HA*56JA*51HA*44HA*12HA*54GA*22XA*8ZA*16JA*35IAEAABA*27XA*104YA*28GA*22JA*125GA*22XZA*118GA*14XA*8ZA*6GA*90HA*6GA*108GA*12FA*20JAABA*3NA*99HA*22GA*118NA*59HA*16NA*29TA*60OA*78JA*77GA*156GA*68RA*141JA*29GA*26IA*3NA*107HA*8NAABA*11NAABA*27XA*16ZA*52HA*14GA*78NA*29TA*84HA*5CA*33XA*24YA*22NA*43HA*14FA*144HNA*4CA*71GA*78XA*32ZA*78GA*164A*2920xA*110HA*68HXA*40YA*4FA*106GA*3CA*113XA*24ZA*4HA*3BA*7HA*68HXA*40YA*4FA*106GA*3CA*113XA*24ZA*4HA*3BA*3XA*16ZA*44HA*12HA*96NAABA*23HA*86GABA*23HA*54RA*145MA*15XA*24ZA*156HA*5CA*97XA*72ZA*5CA*65NA*23XA*16ZA*44HA*3BA*23HA*60HA*96NAABA*23HA*86GABA*23HA*5CA*105XA*64YA*84GA*6NA*3HA*8NA*11HA*54RA*201HA*8JAABA*7HA*24NA*23XA*16YA*86NA*35HA*108HA*5CA*87GA*14NA*11HA*100HA*36HA*44HJA*39NA*7XA*88ZXA*24YA*3CA*9NAABA*7HA*36HA*44HA*64NAABA*23HA*6GA*78NA*5LANA*5PA*37XA*8ZA*4MA*163HA*188HA*3BA*19XA*24YA*10HA*8JA*99HNA*23NA*23XA*48ZA*30GA*26IA*11NAABA*17EA*43HA*16XA*8YA*38JA*3HA*5CA*93HA*12HA*54GA*22XA*8ZA*16JA*35IAEAABA*27XA*72ZA*6GA*46JAABA*3XA*120YA*50HA*62GA*54NA*13GA*122OA*44A*75HA*20IA*27XA*64YA*6XA*56YA*38XA*40YA*118XA*24ZA*84HA*3BA*7MA*15XA*8ZA*30GA*84GAAMA*61GA*78XA*40ZA*86SNA*47XA*16YA*60GA*108GA*84GA*34HA*38GA*58HA*62GA*12LA*9XA*8ZA*28HA*28IAADA*23XA*56ZA*22GA*46JA*15JA*3HA*12IA*71HA*28HA*40JA*59HA*3BA*15HA*12HA*20IA*23HA*78GA*98HA*14TA*1454xA*118MA*23XA*24YAAMA*131MA*7XA*96ZA*52HA*64XA*72ZXA*8YAAMA*131MA*7XA*96ZA*52HA*64XA*72ZXA*8YAAMA*131MA*7XA*96ZA*52HA*64XA*72ZXA*8YAAMA*131MA*7XA*96ZA*52HA*64XA*72ZXA*8YAAMA*131MA*7XA*96ZA*52HA*64XA*32YA*38XA*8ZA*68MA*5TA*24XA*112ZA*108HA*3BA*7HA*20OA*110XA*96ZA*30GA*82MA*13GA*20EA*71XZA*24NA*5LA*77HA*68HA*24NAABA*23HA*5CA*97XA*40YA*12FA*28XZA*48JA*27HA*12IA*65GA*38NA*67HA*36HA*40NA*3HNA*13GA*54XA*8ZA*28HA*16JA*21GA*108PA*129HA*6LA*25XYA*22JAABA*7MA*31XA*64YA*26IA*25LDA*7XA*72ZXA*32YA*44GA*30XA*24ZA*40JA*15NA*13FA*82GA*54NA*4CA*81JA*11IA*7MA*69GA*66HA*6GA*114HA*84HJAABA*7HA*108HA*62GA*54JA*27HA*22EA*45GA*82HA*112XA*56ZA*152XA*8YA*26HA*40XA*32YA*18OA*94XA*8YA*6XA*24YA*38JA*27HA*12HA*118GA*54XA*24ZA*24JA*31NAABA*7IAPA*37XYA*70NA*43HA*8NA*4CA*41XA*24YA*30XA*16YA*84GA*92GA*60RA*229NAABA*7OA*86XA*24YA*20GA*42HA*28HA*76HJA*101GA*50HA*40JA*69GA*86XA*48ZA*40JA*69GA*26HA*70SA*32XA*32YA*12GA*3CA*105XA*40YA*66HA*52HA*36HA*6GA*108GA*50HA*20IA*31HXA*24YA*58HA*32NA*7XYA*114HA*3BA*15HA*20IA*43JA*19ICA*6CA*6CA*6CA*6CA*6CA*6CA*6CA*6CA*6CA*6CA*6CA*6CA*6CA*6CA*6CA*6CA*6CA*6CA*6CA*6CA*6CA*6CA*6CA*6CA*6CA*6CA*6CA*6CA*6CA*6CA*6CA*6CA*6CA*6CA*6CA*6CA*6CA*6CA*6CA*6CA*6CA*6CA*107A*6CA*6CA*6CA*6CA*6CA*6CA*6CA*6CA*6CA*6CA*6CA*6CA*6CA*6CA*6CA*6CA*6CA*6CA*6CA*6CA*6CA*6CA*6CA*6CA*6CA*6CA*6CA*6CA*54r
('[0] 126 102 100 195 90 91 95 98 105 90 101 141 94 159 92 146 99 90 152 139 144 92 161 131 116 101 114 111 112 93 127 98 102 114 107 157 90 90 90 91 91 243 113 139 108 95 127 121 99 257 144 94 218 148 226 111 119 100 95 91 138 201 221 216 138 125 94 137 102 90 168 102 90 240 102 90 148 170 94 92 216 201 263 102 90 168 201 271 201 295 102 136 123 287 102 90 136 159 122 95 574 96 138 298 434 97 107 201 279 201 111 102 90 344 201 269 90 109 143 106 97 185 201 279 201 255 201 295 102 90 192 201 177 132 90 129 97 142 102 90 95 123 132 90 129 97 182 201 263 102 90 224 201 295 102 90 128 201 223 102 90 230 90 109 143 106 97 121 102 90 90 90 220 134 90 96 123 232 97 178 92 174 94 94 134 224 121 120 93 93 160 93 163 124 94 96 105 217 129 93 225 201 176 103 159 122 95 112 105 233 102 102 90 156 170 94 92 104 360 360 360 360 360 360 360 360 360 360 360 360 360 360 360 360 360 360 360 360 360 360 360 360 351 201 93 118 183 246 102 90 200 102 90 144 102 90 200 102 90 160 102 90 136 102 90 184 159 122 95 376 201 175 159 122 95 232 102 90 200 102 90 144 102 90 200 102 90 160 102 90 136 102 90 184 159 122 95 376 201 175 159 122 95 232 102 90 200 102 90 144 102 90 200 102 90 160 102 90 136 102 90 184 159 122 95 376 201 175 159 122 95 232 102 90 200 102 90 144 102 90 200 102 90 160 102 90 136 102 90 184 159 122 95 376 201 175 159 122 95 232 102 90 200 102 90 144 102 90 200 102 90 160 102 90 136 102 90 184 159 122 95 376 201 175 159 122 95 232 102 90 200 102 90 144 102 90 200 102 90 160 102 90 136 102 90 184 159 122 95 376 201 175 159 122 95 232 102 90 200 102 90 144 102 90 200 102 90 160 102 90 136 102 90 184 159 122 95 376 201 175 159 122 95 232 102 90 200 102 90 144 102 90 200 102 90 160 102 90 136 102 90 184 159 122 95 376 201 175 159 122 95 232 102 90 200 102 90 144 102 90 200 102 90 160 102 90 136 102 90 184 159 122 95 376 201 175 159 122 95 232 102 90 200 102 90 144 102 90 200 102 90 160 102 90 136 102 90 184 159 122 95 376 201 175 159 122 95 232 102 90 200 102 90 144 102 90 200 102 90 160 102 90 136 102 90 184 159 122 95 376 201 175 159 122 95 232 102 90 200 102 90 144 102 90 200 102 90 160 102 90 136 102 90 184 159 122 95 376 201 175 159 122 95 232 102 90 200 102 90 144 102 90 200 102 90 160 102 90 136 102 90 184 159 122 95 376 201 175 159 122 95 232 102 90 200 102 90 144 102 90 200 102 90 160 102 90 136 102 90 184 159 122 95 376 201 175 159 122 95 232 102 90 200 102 90 144 102 90 200 102 90 160 102 90 136 102 90 184 159 122 95 376 201 175 159 122 95 232 102 90 200 102 90 144 102 90 200 102 90 160 102 90 136 102 90 184 159 122 95 376 201 175 159 122 95 232 102 90 200 102 90 144 102 90 200 102 90 160 102 90 136 102 90 184 159 122 95 320 102 90 160 201 311 201 311 102 90 216 102 90 92 170 94 92 104 360 360 357 114 217 93 118 183 150 102 90 256 201 239 201 311 201 247 201 174 96 96 96 96 96 96 96 96 96 96 96 96 96 96 96 96 96 96 96 96 96 96 96 96 96 96 96 96 96 96 96 96 96 96 97 102 90 112 159 122 95 200 102 90 200 102 90 120 201 168 94 97 102 90 184 201 255 102 90 272 201 207 102 90 4544 118 114 222 90 92 144 242 92 134 158 92 134 90 138 161 221 94 196 128 196 185 129 93 203 138 145 219 94 92 134 93 93 138 137 221 134 185 129 128 138 177 221 118 185 129 92 96 224 96 384 92 134 130 138 129 219 130 138 145 219 98 138 137 221 91 93 138 121 221 168 138 137 219 95 107 138 125 109 92 134 154 138 119 163 376 92 134 106 138 125 125 92 134 206 92 134 93 109 138 129 219 104 185 129 120 144 132 107 145 144 132 107 121 138 125 143 196 152 108 170 138 121 221 116 92 134 106 138 153 219 120 185 129 132 92 134 102 100 137 115 180 144 132 107 165 92 134 174 92 134 90 138 125 125 92 134 90 144 132 107 137 144 132 107 109 92 134 114 138 125 93 92 134 122 144 132 107 145 138 125 101 100 137 115 176 92 134 95 163 144 132 107 111 196 136 211 227 138 121 221 160 138 125 133 92 134 110 92 163 161 92 163 173 138 161 221 104 138 125 109 92 134 106 138 161 221 140 92 134 202 138 125 93 92 134 130 138 137 221 150 185 129 198 185 129 174 185 129 124 92 134 128 185 129 148 92 134 152 185 129 91 90 103 92 134 142 92 134 104 185 129 160 144 132 107 119 185 129 126 185 129 212 92 134 102 100 137 115 176 92 134 102 92 134 144 185 129 112 138 129 219 106 144 132 107 125 100 137 115 106 96 143 130 92 117 138 225 221 118 185 129 112 144 132 107 215 185 129 112 138 121 219 208 185 129 104 138 125 111 96 143 130 97 138 137 221 148 92 163 157 144 132 107 101 92 134 90 138 161 221 118 185 129 246 185 129 172 92 134 93 105 100 137 115 120 92 134 144 185 129 116 92 134 126 92 134 96 185 129 136 144 132 107 92 93 138 125 1055 118 114 222 90 92 144 250 92 163 173 138 145 221 92 92 163 281 92 163 157 138 217 219 142 92 134 154 138 193 219 90 138 129 221 92 92 163 281 92 163 157 138 217 219 142 92 134 154 138 193 219 90 138 129 221 92 92 163 281 92 163 157 138 217 219 142 92 134 154 138 153 221 148 92 134 112 185 129 164 96 224 96 304 92 163 173 138 137 221 120 138 125 92 97 100 137 115 192 92 134 262 92 134 134 92 134 93 109 138 129 219 170 138 121 219 93 93 138 125 101 100 137 115 148 138 129 219 90 138 125 95 185 129 184 138 125 113 138 125 117 92 134 90 144 132 107 92 109 138 233 221 124 100 137 115 122 96 92 147 163 138 125 92 97 92 134 118 92 134 138 138 125 125 92 134 110 100 137 115 128 100 137 115 186 185 129 164 92 134 158 92 134 95 135 92 134 93 109 138 145 221 100 92 134 98 144 132 107 189 92 134 90 138 125 113 138 125 92 107 96 143 130 133 92 134 192 185 129 180 92 134 93 101 138 125 177 138 145 219 142 96 240 96 266 185 129 120 138 153 219 98 138 125 137 138 145 219 174 92 134 93 97 92 163 165 138 129 219 120 185 129 174 185 129 92 92 163 211 185 129 168 138 161 219 176 196 152 108 90 138 125 137 138 137 221 150 185 129 198 185 129 174 185 129 124 92 134 128 185 129 148 92 134 152 185 129 93 98 101 92 134 114 138 125 103 185 129 132 92 134 146 144 132 107 141 92 134 134 92 134 102 92 134 144 185 129 112 138 129 219 106 144 132 107 125 100 137 115 106 96 143 130 92 117 138 225 221 118 185 129 112 144 132 107 215 185 129 112 138 121 219 208 185 129 104 138 129 219 96 185 129 180 92 134 96 185 129 198 185 129 102 196 128 110 144 132 107 92 93 138 125 189 92 134 112 185 129 208 138 125 149 92 134 106 138 125 119 196 146 130 238 96 224 96 228 144 132 107 167 185 129 246 185 129 158 196 147 147 312 144 132 107 119 185 129 116 100 137 115 108 138 125 197 92 134 98 138 125 92 101 138 125 92 117 138 137 219 142 92 134 104 185 129 168 138 125 119 196 146 130 262 92 134 95 123 138 145 221 112 138 125 133 92 134 104 196 128 234 92 134 90 138 125 94 161 185 129 168 138 153 219 168 185 129 254 195 128 137 211 96 131 138 120 90 97 123 138 120 90 91 97 138 120 90 97 155 138 120 90 97 171 138 120 90 3010 118 114 222 90 92 144 242 92 134 158 92 134 90 138 161 221 94 196 128 196 185 129 93 203 138 145 219 94 92 134 93 97 92 134 158 92 134 90 138 161 221 94 196 128 196 185 129 93 203 138 145 219 94 92 134 93 93 138 137 219 134 92 134 102 92 134 186 138 125 92 113 92 134 176 185 129 91 113 92 134 144 196 147 147 316 92 163 165 138 145 219 246 92 134 95 187 138 193 219 95 155 138 125 113 138 137 219 134 92 134 93 113 92 134 150 92 134 186 138 125 92 113 92 134 176 185 129 91 113 92 134 95 195 138 185 221 174 185 129 96 138 125 93 92 134 98 138 125 101 92 134 144 196 147 147 372 92 134 98 144 132 107 92 97 92 134 114 138 125 113 138 137 221 176 138 125 125 92 134 198 92 134 95 177 185 129 104 138 125 101 92 134 190 92 134 126 92 134 134 92 134 90 144 132 107 129 138 125 97 138 209 219 90 138 145 221 93 99 138 125 92 97 92 134 126 92 134 134 92 134 154 138 125 92 113 92 134 96 185 129 168 138 125 95 96 92 147 91 138 125 95 196 136 211 227 138 129 219 94 92 163 313 92 134 278 92 134 93 109 138 145 221 100 92 134 98 144 132 107 189 92 134 90 138 125 113 138 125 113 138 169 219 120 185 129 116 100 137 115 116 138 125 92 107 96 143 130 133 92 134 106 138 129 221 128 144 132 107 93 92 134 95 183 92 134 102 92 134 144 185 129 112 138 129 219 106 144 132 107 125 100 137 115 106 96 143 130 92 117 138 193 219 96 185 129 136 144 132 107 92 93 138 241 221 140 92 134 152 185 129 144 138 125 103 185 129 212 96 224 96 194 163 225 294 90 90 98 106 138 125 165 92 134 110 100 137 115 132 138 185 221 96 138 177 221 128 138 161 221 208 138 145 219 174 92 134 93 97 92 163 165 138 129 219 120 185 129 174 185 129 92 92 163 211 185 129 168 138 161 219 176 196 152 108 90 138 125 137 138 137 221 150 185 129 198 185 129 174 185 129 124 92 134 128 185 129 148 92 134 152 185 129 102 96 92 147 99 138 129 219 118 92 134 118 100 137 115 107 113 138 177 219 112 185 129 136 144 132 107 105 144 132 107 93 92 134 102 100 137 115 176 92 134 118 92 134 130 144 132 107 149 92 134 93 105 92 134 102 92 134 110 100 137 115 128 92 134 168 185 129 188 92 134 104 196 146 130 1632 118 114 222 90 92 144 250 92 163 173 138 145 221 92 92 163 281 92 163 157 138 217 219 142 92 134 154 138 193 219 90 138 129 221 92 92 163 281 92 163 157 138 217 219 142 92 134 154 138 193 219 90 138 129 221 92 92 163 281 92 163 157 138 217 219 142 92 134 154 138 193 219 90 138 129 221 92 92 163 281 92 163 157 138 217 219 142 92 134 154 138 193 219 90 138 129 221 92 92 163 281 92 163 157 138 217 219 142 92 134 154 138 153 221 128 138 129 219 158 92 163 155 196 146 130 202 138 233 219 198 92 134 93 97 92 134 110 96 224 96 260 138 217 219 120 185 129 172 92 163 163 185 129 110 96 143 130 161 138 121 219 114 138 125 95 96 92 147 167 92 134 158 92 134 114 138 125 92 113 92 134 95 187 138 161 221 102 196 128 118 138 121 219 138 144 132 107 117 92 134 102 100 137 115 170 185 129 128 138 125 157 92 134 126 92 134 130 138 125 93 92 134 90 138 125 103 185 129 144 138 129 219 118 92 134 106 144 132 107 111 185 129 198 196 136 211 319 92 134 96 96 92 147 115 138 121 221 112 144 132 107 92 97 92 163 181 138 185 221 116 100 137 115 130 96 92 147 90 97 138 193 219 90 138 153 221 134 185 129 120 138 145 219 130 144 132 107 105 138 125 103 196 128 172 185 129 144 138 125 94 171 144 132 107 101 100 137 115 112 92 163 219 185 129 156 92 134 96 185 129 204 92 134 174 92 134 90 144 132 107 92 97 92 134 198 92 134 152 185 129 144 144 132 107 117 92 134 112 96 143 130 135 185 129 172 92 134 202 138 177 219 242 138 129 221 116 92 134 130 138 153 221 108 96 224 96 244 138 129 221 96 138 145 221 128 144 132 107 117 92 134 102 92 134 208 185 129 144 138 145 219 114 144 132 107 121 138 125 92 97 100 137 115 106 196 136 211 227 138 121 221 160 138 125 133 92 134 98 138 125 94 131 138 145 221 120 138 137 221 174 185 129 182 185 129 150 196 147 147 400 138 125 92 97 96 224 96 236 138 145 221 110 185 129 132 92 134 118 92 134 166 92 134 90 144 132 107 191 185 129 140 92 134 130 144 132 107 159 185 129 176 138 169 219 130 144 132 107 159 185 129 116 92 134 160 196 152 108 122 138 153 221 102 185 129 93 195 138 161 221 156 92 134 142 92 134 126 92 134 96 185 129 198 185 129 140 92 134 110 100 137 115 136 92 134 90 138 145 221 148 92 134 122 138 125 97 138 121 221 204 92 134 93 105 92 134 110 100 137 115 148 144 132 107 109 100 137 115 105 96 96 96 96 96 96 96 96 96 96 96 96 96 96 96 96 96 96 96 96 96 96 96 96 96 96 96 96 96 96 96 96 96 96 96 96 96 96 96 96 96 96 197 136 155 105 124 164 109 112 90 96 96 96 96 96 96 96 96 96 96 96 96 96 96 96 96 96 96 96 96 96 96 96 96 96 96 96 96 144 96 96 90 128 131 92 90 109 90 93 91 90 90 90 (90)', 431012)
1: =\AACA*47aA*78aA*106eA*102aA*126gA*52eA*78gA*104gA*144aA*78aA*66eA*134gA*494yA*6CA*6CA*55gA*224gA*80gA*40aA*30aA*110aA*14A*30A*30A*30A*30A*30A*30A*30A*30A*30A*30A*30A*30A*30A*30A*30A*30A*30A*30A*30A*30A*30A*30A*30A*30A*21CA*111¦A*140aA*110aA*10eA*110aA*26eA*46aA*182gA*296gA*96gA*152aA*110aA*10eA*110aA*26eA*46aA*182gA*296gA*96gA*152aA*110aA*10eA*110aA*26eA*46aA*182gA*296gA*96gA*152aA*110aA*10eA*110aA*26eA*46aA*182gA*296gA*96gA*152aA*110aA*10eA*110aA*26eA*46aA*182gA*296gA*96gA*152aA*110aA*10eA*110aA*26eA*46aA*182gA*296gA*96gA*152aA*110aA*10eA*110aA*26eA*46aA*182gA*296gA*96gA*152aA*110aA*10eA*110aA*26eA*46aA*182gA*296gA*96gA*152aA*110aA*10eA*110aA*26eA*46aA*182gA*296gA*96gA*152aA*110aA*10eA*110aA*26eA*46aA*182gA*296gA*96gA*152aA*110aA*10eA*110aA*26eA*46aA*182gA*296gA*96gA*152aA*110aA*10eA*110aA*26eA*46aA*182gA*296gA*96gA*152aA*110aA*10eA*110aA*26eA*46aA*182gA*296gA*96gA*152aA*110aA*10eA*110aA*26eA*46aA*182gA*296gA*96gA*152aA*110aA*10eA*110aA*26eA*46aA*182gA*296gA*96gA*152aA*110aA*10eA*110aA*26eA*46aA*182gA*296gA*96gA*152aA*110aA*10eA*110aA*26eA*46aA*182gA*240aA*70gA*56iA*90eA*126aA*46aA*14A*30A*30A*27BA*24CA*127¦A*44aA*166gA*72gA*144gA*80gA*7CA*6CA*6CA*6CA*6CA*6CA*6CA*6CA*6CA*6CA*6CA*6CA*6CA*6CA*6CA*6CA*6CA*6CA*6CA*6CA*6CA*6CA*6CA*6CA*6CA*6CA*6CA*6CA*6CA*6CA*6CA*6CA*6CA*6CA*6CA*7aA*110gA*76eA*110aA*5CA*87iA*3BCA*15gA*112gA*88aA*182gA*40aA*4454xA*110HA*68HXA*40YA*10HA*100HA*5CA*65NA*15NAABA*9PA*97HA*44HA*3BA*11NA*99HA*28HA*5CA*93OA*234HA*40NA*7XA*24ZA*40NA*11IA*55HA*5CA*81JA*59HA*40JA*31NA*4CANA*19HA*48JA*5GA*28GA*54JA*29GA*164RA*133NA*19HA*4MA*111XA*16ZA*64XA*8ZA*40JA*35OA*110NA*59QA*60GA*46NA*95XA*16YA*106HNA*35HA*16NA*47NA*3HA*24NA*3HA*48XA*40ZA*8XA*32YA*20LA*5HA*3BA*3XZA*60HA*32XA*16YA*42MA*11MA*23XA*40YA*14NA*19HA*16XA*40YA*50HA*112NA*3HA*40XA*16YA*82HA*76HA*52HA*3BAFA*88HA*22EA*43HA*5CA*6CA*47GA*84GA*90HA*32NA*11OA*140GA*46XA*32YA*34HA*76HA*22LANA*15NA*11MA*43HA*24JA*163HA*28HA*3BA*11XA*88YABA*19XZA*140HA*3BA*7IAADA*27HA*48XA*16YA*46NA*21LDA*19HXA*40YA*50HA*124HA*28HA*22LA*13HA*76HA*3BA*17EA*3HA*20HA*8NAABA*7IA*961xA*118MA*23XA*24YABA*19XA*64ZA*3BA*15IA*91NA*13GA*118XA*72ZXA*8YABA*19XA*64ZA*3BA*15IA*91NA*13GA*118XA*72ZXA*8YABA*19XA*64ZA*3BA*15IA*91NA*13GA*118XA*32YA*58HA*44HA*22GA*36GA*114MA*23XA*16YA*14JAABA*3XA*48YA*194HA*38RA*133XA*64ZA*16NA*13LDA*15XA*40YA*30NA*3IA*23HA*24JA*23JA*43HA*16NAABA*19XA*96YA*14NAABA*15IA*59JA*13EAABA*15HA*48NA*35HNA*7NA*107HA*14FA*74GABAADA*11HA*52HA*44HA*6EAABA*11XA*40YA*22XA*24ZA*3BA*15HA*62GA*178HA*14GA*22JA*103NA*23XA*16ZA*22GA*98HA*3BA*3XA*32ZA*28IA*43NA*23XA*24YAAMA*15XA*8ZA*52HA*52HA*5CA*65JA*43HA*8JA*55NA*69SNA*47XA*16YA*82HA*76HA*52HA*3BAFA*88HA*22EA*43HA*5CA*6CA*77HA*52QA*60GA*126NA*35HA*44HA*12HA*76HA*22LANA*15NA*11MA*43HA*24JA*163HA*28HA*3BA*11XA*88YABA*19XZA*140HA*3BA*7IA*7QA*130HA*28HA*76HA*5CA*109HA*8NAABA*7IA*73GA*98HA*48JA*53GA*70NA*35HA*40NA*13FA*10GA*54NA*83HA*100QA*146HA*8NA*11MA*7XA*8ZA*102GA*46JA*19IA*7MA*71NA*13GA*90HA*24NA*35HA*56NA*21EA*4CA*13IA*63HA*20IA*17GA*74HA*94GA*66MA*3HA*54SA*124HA*110A*2920xA*110HA*68HXA*40YA*10HA*100HA*5CA*65NA*15NAABA*15HA*3BA*7HA*68HXA*40YA*10HA*100HA*5CA*65NA*15NAABA*15HA*3BA*3XA*16ZA*22GA*66HA*80JA*5FA*136HA*5CA*63GA*114HA*3BA*19XA*8ZA*3BA*3NA*23XA*96YABA*23IA*67NA*4CA*33JA*39XA*16ZA*22GA*50HA*60HA*80JA*5FA*136HA*5CA*63GA*14XA*64YA*84GA*6NA*3HA*8NA*11HA*60HA*68HA*14GA*78NA*4CA*65XA*32ZA*76HA*60HA*64NA*13GA*140GA*18HA*3BA*7IA*7HA*100HA*36HA*44HA*16XA*24ZA*24NA*87NAABA*11XA*24YA*3CA*9NAABA*7HA*36HA*22GA*102JA*5FA*56HA*36MA*27IA*23IA*7HA*3BA*3XZA*24NAABA*3XA*64YA*210HA*52HA*44HA*6EAABA*11XA*40YA*22XA*24ZA*40NA*47NA*13GA*6XA*16ZA*3BA*15HA*62GA*70NA*45SA*6GAAHA*12HA*76HA*22LANA*15NA*11MA*43HA*24JA*87NA*11HA*8NAABA*7IA*159HA*6GA*138HNA*35HA*40NA*13FA*3DA*5A*53GA*54XA*32ZA*124HA*4IA*95HA*16NA*83HA*96NA*23XA*24YAAMA*15XA*8ZA*52HA*52HA*5CA*65JA*43HA*8JA*55NA*69SNA*47XA*16YA*82HA*76HA*52HA*3BAFA*88HA*22EA*43HA*5CA*49XA*16ZA*24NA*5FA*36XZA*72NA*27HA*8NA*15NAABA*15HA*3BA*19XA*32YA*28GA*110XYA*4FA*40HNA*27HA*100HA*22GA*74HA*56NA*1373xA*118MA*23XA*24YABA*19XA*64ZA*3BA*15IA*91NA*13GA*118XA*72ZXA*8YABA*19XA*64ZA*3BA*15IA*91NA*13GA*118XA*72ZXA*8YABA*19XA*64ZA*3BA*15IA*91NA*13GA*118XA*72ZXA*8YABA*19XA*64ZA*3BA*15IA*91NA*13GA*118XA*72ZXA*8YABA*19XA*64ZA*3BA*15IA*91NA*13GA*118XA*32YA*58HA*24XA*40ZA*5CA*117HA*68MA*19IA*107XA*48YAAHA*20OA*110XA*96ZA*52HJAABA*23HA*5CA*93HA*112NAABA*27XA*8ZA*3BA*15IA*57GA*100GA*62JA*5FA*24HA*76HA*3BA*23HNA*11MA*103NA*5FA*20NA*91HA*4IA*41GA*90HA*40NA*3HNA*35HA*16NA*3MA*61SA*68HA*60HA*3BA*3XA*48YABA*3NA*31XYA*38NA*4CA*81JAABA*19XA*64YA*18MA*15JA*19IA*67NAABA*11NA*75HA*44HA*3BA*3NA*23NA*39XZA*36HA*76HA*20IALA*6CA*113XZA*52HA*6FA*56HA*38GA*116GA*70NAABA*9EA*45GA*138HA*16NA*5FA*32HA*108HA*6GA*166XA*56ZA*152XA*8YA*26HA*40XA*32YA*18OA*94XA*8YA*34HA*70SA*30GA*44GA*194HA*52HA*8NA*23XA*16ZA*3BA*3WA*20XZA*60HA*32XA*16YA*42MA*11HA*44HA*28IA*55HA*84HA*60HA*12HA*30GA*134NA*3HA*4HA*52HA*20QA*54NA*19HA*76HA*16NA*107HA*14EA*15NA*75HA*78SA*80XA*32YA*12EA*29SA*32XA*32YA*34HA*5CA*33JA*99HA*44HA*52HA*36HA*28HA*76HA*3BAGA*54XZJA*83HA*30SA*48NA*43HA*70GA*20GA*54NA*63NAABA*23MA*4CA*6CA*6CA*6CA*6CA*6CA*6CA*6CA*6CA*6CA*6CA*6CA*6CA*6CA*6CA*6CA*6CA*6CA*6CA*6CA*6CA*6CA*6CA*6CA*6CA*6CA*6CA*6CA*6CA*6CA*6CA*6CA*6CA*6CA*6CA*6CA*6CA*6CA*6CA*6CA*6CA*6CA*19A*6CA*6CA*6CA*6CA*6CA*6CA*6CA*6CA*6CA*6CA*6CA*6CA*6CA*6CA*6CA*6CA*6CA*6CA*6CA*6CA*6CA*6CA*6CA*6CA*6CA*6CA*6CA*6CA*54r
('[0] 126 102 100 195 90 91 95 98 105 90 101 141 94 159 92 146 99 90 152 139 144 92 161 131 116 101 114 111 112 93 127 98 102 114 107 157 90 90 90 91 91 243 113 139 108 95 127 121 99 257 144 94 218 148 226 111 119 100 95 91 138 201 221 216 138 125 94 137 102 90 168 102 90 196 170 94 92 192 102 90 216 201 219 170 94 92 168 201 271 201 311 102 90 168 102 90 156 170 94 92 224 201 661 96 138 298 434 97 107 201 279 201 111 102 90 344 201 269 90 109 143 106 97 185 201 279 201 255 201 295 102 90 192 201 177 132 90 129 97 142 102 90 95 123 132 90 129 97 182 201 263 102 90 224 201 295 102 90 128 201 223 102 90 230 90 109 143 106 97 121 102 90 90 90 220 134 90 96 123 232 97 178 92 174 94 94 134 224 121 120 93 93 160 93 163 130 96 145 201 391 201 247 201 207 102 90 120 102 90 200 102 90 104 360 360 360 360 360 360 360 360 360 360 360 360 360 360 360 360 360 360 360 360 360 360 360 360 351 201 93 118 183 246 102 90 200 102 90 100 170 94 92 200 102 90 116 170 94 92 136 102 90 272 201 463 201 263 201 319 102 90 200 102 90 100 170 94 92 200 102 90 116 170 94 92 136 102 90 272 201 463 201 263 201 319 102 90 200 102 90 100 170 94 92 200 102 90 116 170 94 92 136 102 90 272 201 463 201 263 201 319 102 90 200 102 90 100 170 94 92 200 102 90 116 170 94 92 136 102 90 272 201 463 201 263 201 319 102 90 200 102 90 100 170 94 92 200 102 90 116 170 94 92 136 102 90 272 201 463 201 263 201 319 102 90 200 102 90 100 170 94 92 200 102 90 116 170 94 92 136 102 90 272 201 463 201 263 201 319 102 90 200 102 90 100 170 94 92 200 102 90 116 170 94 92 136 102 90 272 201 463 201 263 201 319 102 90 200 102 90 100 170 94 92 200 102 90 116 170 94 92 136 102 90 272 201 463 201 263 201 319 102 90 200 102 90 100 170 94 92 200 102 90 116 170 94 92 136 102 90 272 201 463 201 263 201 319 102 90 200 102 90 100 170 94 92 200 102 90 116 170 94 92 136 102 90 272 201 463 201 263 201 319 102 90 200 102 90 100 170 94 92 200 102 90 116 170 94 92 136 102 90 272 201 463 201 263 201 319 102 90 200 102 90 100 170 94 92 200 102 90 116 170 94 92 136 102 90 272 201 463 201 263 201 319 102 90 200 102 90 100 170 94 92 200 102 90 116 170 94 92 136 102 90 272 201 463 201 263 201 319 102 90 200 102 90 100 170 94 92 200 102 90 116 170 94 92 136 102 90 272 201 463 201 263 201 319 102 90 200 102 90 100 170 94 92 200 102 90 116 170 94 92 136 102 90 272 201 463 201 263 201 319 102 90 200 102 90 100 170 94 92 200 102 90 116 170 94 92 136 102 90 272 201 463 201 263 201 319 102 90 200 102 90 100 170 94 92 200 102 90 116 170 94 92 136 102 90 272 201 407 102 90 160 201 223 159 122 95 180 170 94 92 216 102 90 136 102 90 104 360 360 357 114 217 93 118 183 150 102 90 256 201 239 201 311 201 247 201 174 96 96 96 96 96 96 96 96 96 96 96 96 96 96 96 96 96 96 96 96 96 96 96 96 96 96 96 96 96 96 96 96 96 96 97 102 90 200 201 243 170 94 92 200 102 90 95 177 159 122 95 93 90 105 201 279 201 255 102 90 272 201 207 102 90 4544 118 114 222 90 92 144 242 92 134 158 92 134 90 138 161 221 100 92 134 190 92 134 95 155 138 125 105 138 125 92 99 196 136 211 287 92 134 134 92 134 93 101 138 125 189 92 134 118 92 134 95 183 96 224 96 384 92 134 130 138 125 97 138 145 219 130 138 125 101 100 137 115 160 92 134 95 171 144 132 107 149 92 134 130 144 132 107 121 138 125 94 91 138 125 109 92 134 138 144 132 107 95 185 129 118 185 129 144 144 132 107 119 185 129 254 196 147 147 304 138 125 109 92 134 94 92 163 261 138 137 219 154 138 129 219 130 144 132 107 125 96 224 96 260 138 125 149 96 240 96 210 185 129 136 138 125 185 138 137 221 196 92 134 90 138 125 125 92 134 106 138 125 137 138 125 93 92 134 114 138 125 93 92 134 138 138 161 219 98 138 153 221 110 96 92 147 95 92 134 93 93 138 121 219 150 92 134 122 138 137 221 132 92 163 161 92 163 173 138 161 221 104 138 125 109 92 134 106 138 161 221 140 92 134 202 138 125 93 92 134 130 138 137 221 172 92 134 166 92 134 142 92 134 93 91 196 128 178 92 134 112 96 143 130 133 92 134 95 96 137 185 129 174 185 129 180 92 134 122 138 125 101 96 224 96 290 185 129 136 138 153 221 124 92 134 166 92 134 112 96 92 147 91 138 125 105 138 125 101 92 163 193 92 134 114 144 132 107 253 92 134 118 92 134 93 101 138 209 221 91 109 138 121 219 230 92 134 93 97 100 137 115 107 117 92 134 138 138 137 221 136 138 125 111 96 92 147 90 109 92 134 90 138 161 221 140 92 134 214 92 134 118 92 134 112 96 92 147 103 92 134 166 92 134 93 107 96 143 130 93 92 134 110 92 134 98 138 125 92 97 100 137 115 1066 118 114 222 90 92 144 250 92 163 173 138 145 221 91 109 138 185 219 93 105 100 137 115 196 138 125 103 185 129 208 138 193 219 90 138 129 221 91 109 138 185 219 93 105 100 137 115 196 138 125 103 185 129 208 138 193 219 90 138 129 221 91 109 138 185 219 93 105 100 137 115 196 138 125 103 185 129 208 138 153 221 148 92 134 134 92 134 112 185 129 126 185 129 204 92 163 173 138 137 221 104 144 132 107 92 93 138 169 221 284 92 134 128 196 147 147 304 138 185 219 106 138 125 103 96 92 147 90 105 138 161 221 120 138 125 93 100 137 115 128 92 134 114 144 132 107 113 144 132 107 133 92 134 106 138 125 92 109 138 217 221 104 138 125 92 105 100 137 115 164 144 132 107 103 96 143 130 92 105 92 134 138 138 125 125 92 134 90 138 125 97 138 125 197 92 134 104 196 128 164 185 129 91 92 101 92 134 142 92 134 134 92 134 96 96 143 130 92 101 138 161 221 112 138 145 219 93 105 92 134 152 185 129 268 92 134 104 185 129 112 144 132 107 193 138 125 113 138 137 219 112 185 129 188 92 134 93 93 138 153 219 118 100 137 115 148 138 125 113 138 145 221 92 92 163 165 138 129 219 142 92 134 142 92 134 95 155 144 132 107 133 92 134 98 144 132 107 145 138 125 159 196 152 108 90 138 125 137 138 137 221 172 92 134 166 92 134 142 92 134 93 91 196 128 178 92 134 112 96 143 130 133 92 134 95 96 167 92 134 142 96 240 96 210 185 129 216 138 125 125 92 134 134 92 134 102 92 134 166 92 134 112 96 92 147 91 138 125 105 138 125 101 92 163 193 92 134 114 144 132 107 253 92 134 118 92 134 93 101 138 209 221 91 109 138 121 219 230 92 134 93 97 100 137 115 112 96 240 96 280 92 134 118 92 134 166 92 134 95 199 92 134 98 138 125 92 97 100 137 115 178 185 129 188 92 134 138 144 132 107 143 185 129 160 138 125 125 92 134 130 138 125 103 196 128 100 185 129 144 138 125 173 92 134 190 96 240 96 296 92 134 98 138 125 101 92 163 157 138 129 219 192 185 129 136 144 132 107 109 100 137 115 112 92 163 221 138 125 103 185 129 180 92 134 114 138 125 125 92 134 146 138 125 111 96 143 130 94 103 100 137 115 168 92 134 110 100 137 115 122 185 129 164 92 134 184 185 129 156 92 163 153 92 134 144 196 152 108 214 92 134 200 195 128 137 211 96 131 138 120 90 97 123 138 120 90 91 97 138 120 90 97 155 138 120 90 97 171 138 120 90 3010 118 114 222 90 92 144 242 92 134 158 92 134 90 138 161 221 100 92 134 190 92 134 95 155 138 125 105 138 125 92 105 92 134 93 97 92 134 158 92 134 90 138 161 221 100 92 134 190 92 134 95 155 138 125 105 138 125 92 105 92 134 93 93 138 137 219 112 185 129 156 92 134 170 144 132 107 95 196 128 226 92 134 95 153 185 129 204 92 134 93 109 138 129 219 93 93 138 125 113 138 217 221 91 113 100 137 115 172 138 125 94 123 144 132 107 129 138 137 219 112 185 129 140 92 134 150 92 134 170 144 132 107 95 196 128 226 92 134 95 153 185 129 104 138 185 221 174 185 129 96 138 125 93 92 134 98 138 125 101 92 134 150 92 134 158 92 134 104 185 129 168 138 125 94 155 138 153 219 166 92 134 150 92 134 154 138 125 103 185 129 230 185 129 108 92 134 93 97 100 137 115 112 92 134 190 92 134 126 92 134 134 92 134 106 138 145 219 114 138 125 177 138 125 92 101 138 145 221 93 99 138 125 92 97 92 134 126 92 134 112 185 129 192 144 132 107 95 196 128 146 92 134 126 92 163 177 100 137 115 128 100 137 115 112 92 134 93 93 138 121 219 114 138 125 92 93 138 185 221 300 92 134 142 92 134 134 92 134 96 96 143 130 92 101 138 161 221 112 138 145 219 130 138 125 137 138 125 103 185 129 96 138 137 219 93 105 92 134 152 185 129 160 138 125 135 196 152 108 96 185 129 92 92 134 102 92 134 166 92 134 112 96 92 147 91 138 125 105 138 125 101 92 163 193 92 134 114 144 132 107 177 138 125 101 92 134 98 138 125 92 97 100 137 115 264 92 134 96 185 129 228 92 134 90 138 125 125 92 134 130 138 125 103 196 128 93 95 163 225 294 90 90 98 106 138 125 143 185 129 144 138 153 219 214 92 134 94 100 137 115 200 92 134 106 138 125 173 92 134 186 138 125 113 138 145 221 92 92 163 165 138 129 219 142 92 134 142 92 134 95 155 144 132 107 133 92 134 98 144 132 107 145 138 125 159 196 152 108 90 138 125 137 138 137 221 172 92 134 166 92 134 142 92 134 93 91 196 128 178 92 134 112 96 143 130 133 92 134 95 139 138 137 219 114 138 125 95 196 128 126 138 121 219 162 138 125 117 92 134 98 138 125 105 138 125 92 105 92 134 93 109 138 153 221 118 185 129 200 138 121 221 94 196 128 130 92 134 90 138 125 117 92 134 190 92 134 112 185 129 164 92 134 146 138 125 1463 118 114 222 90 92 144 250 92 163 173 138 145 221 91 109 138 185 219 93 105 100 137 115 196 138 125 103 185 129 208 138 193 219 90 138 129 221 91 109 138 185 219 93 105 100 137 115 196 138 125 103 185 129 208 138 193 219 90 138 129 221 91 109 138 185 219 93 105 100 137 115 196 138 125 103 185 129 208 138 193 219 90 138 129 221 91 109 138 185 219 93 105 100 137 115 196 138 125 103 185 129 208 138 193 219 90 138 129 221 91 109 138 185 219 93 105 100 137 115 196 138 125 103 185 129 208 138 153 221 148 92 134 114 138 161 219 95 207 92 134 158 92 163 169 100 137 115 212 138 169 221 92 92 134 110 96 224 96 260 138 217 219 142 92 134 90 144 132 107 92 113 92 134 95 183 92 134 202 138 125 92 117 138 129 219 93 105 100 137 115 162 185 129 190 185 129 152 144 132 107 95 196 128 114 92 134 166 92 134 93 113 92 134 90 138 125 101 92 163 253 138 125 95 196 128 110 138 125 181 92 134 94 100 137 115 146 185 129 180 92 134 130 138 125 93 92 134 90 138 125 125 92 134 106 138 125 93 92 163 211 196 152 108 158 92 134 150 92 134 93 93 138 169 221 91 93 138 125 121 138 121 221 128 138 125 94 171 144 132 107 92 109 138 185 221 108 92 163 165 144 132 107 109 100 137 115 172 138 125 92 101 138 125 165 92 134 134 92 134 93 93 138 125 113 138 125 129 138 121 219 126 92 134 166 92 134 110 100 137 115 106 96 92 147 96 203 138 121 219 142 92 134 96 196 128 146 92 134 128 185 129 206 185 129 160 138 125 92 99 96 143 130 135 185 129 228 92 134 106 138 125 95 196 128 122 92 134 198 92 134 96 185 129 256 138 177 219 242 138 129 221 116 92 134 130 138 153 221 108 96 224 96 244 138 129 221 124 92 134 160 196 152 108 120 185 129 134 185 129 284 92 134 142 92 134 98 138 125 113 138 137 219 93 93 138 119 163 356 138 121 219 150 92 134 122 138 137 221 132 92 163 161 92 134 134 92 134 118 100 137 115 160 92 134 174 92 134 150 92 134 102 92 134 120 185 129 224 138 125 93 92 134 94 92 134 142 92 134 110 96 240 96 204 138 125 109 92 134 166 92 134 106 138 125 197 92 134 104 96 143 130 105 138 125 165 92 134 168 196 152 108 170 138 153 221 102 96 143 130 119 196 152 108 122 138 153 221 124 92 134 95 123 144 132 107 189 92 134 134 92 134 142 92 134 126 92 134 118 92 134 166 92 134 93 91 185 129 144 138 121 219 90 144 132 107 173 92 134 120 196 152 108 138 138 125 133 92 134 160 185 129 110 185 129 144 138 125 153 138 125 92 113 92 163 154 96 96 96 96 96 96 96 96 96 96 96 96 96 96 96 96 96 96 96 96 96 96 96 96 96 96 96 96 96 96 96 96 96 96 96 96 96 96 96 96 96 109 136 155 105 124 164 109 112 90 96 96 96 96 96 96 96 96 96 96 96 96 96 96 96 96 96 96 96 96 96 96 96 96 96 96 96 96 144 96 96 90 128 131 92 90 109 90 93 91 90 90 90 (90)', 436412)
