--extra eol I usually forgot

4031000 
--extra eol I usually forgot

109 90 93 91 90 95 91 91 138 157 96 90 120 91 97 107 90 90 93 90 -- move44
109 90 93 91 90 95 91 91 138 157 96 90 120 91 97 107 90 90 93 90 -- move44
109 90 93 91 90 95 91 91 138 157 96 90 120 91 97 107 90 90 93 90 -- move44
109 90 93 91 90 95 91 91 138 157 96 90 120 91 97 107 90 90 93 90 -- move44
109 90 93 91 90 95 91 91 138 157 96 90 120 91 97 107 90 90 93 90 -- move44
109 90 93 91 90 95 91 91 138 157 96 90 120 91 97 107 90 90 93 90 -- move44
109 90 93 91 90 95 91 91 138 157 96 90 120 91 97 107 90 90 93 90 -- move44
109 90 93 91 90 95 91 91 138 157 96 90 120 91 97 107 90 90 93 90 -- move44
109 90 93 91 90 95 91 91 138 157 96 90 120 91 97 107 90 90 93 90 -- move44
126 102 100 195 90 91 95 98 105 90 101 141 94 159 92 146 99 90 152 139 144 92 161 131 116 101 114 111 112 93 127 98 102 114 107 157 90 90 90 91 91 243 113 139 108 95 127 121 99 257 144 94 218 148 226 111 119 100 95 91 138 201 221 216 138 125 111 202 167 179 129 525 144 107 201 91 701 92 134 95 96 96 96 147 138 673 221 156 92 134 96 96 92 147 131 138 137 221 188 92 134 93 105 100 137 115 122 196 152 108 138 138 125 93 92 134 182 92 134 174 92 134 95 99 138 121 221 134 185 129 112 138 121 221 212 92 134 102 92 134 152 185 129 196 96 224 96 236 138 125 92 113 92 134 150 92 134 152 185 129 91 93 138 145 219 118 100 137 115 120 100 137 115 112 100 137 115 186 185 129 158 185 129 172 92 134 222 92 134 118 92 134 112 96 143 130 109 92 134 122 138 137 219 176 196 147 147 272 138 125 189 92 134 93 101 138 125 193 138 185 221 128 138 153 221 91 113 92 134 110 92 134 150 92 134 152 185 129 126 185 129 152 138 125 117 92 134 158 92 134 112 96 92 147 143 96 240 96 260 138 121 219 142 92 134 114 138 145 221 120 138 125 157 92 134 93 93 138 121 219 110 100 137 115 196 144 132 107 92 107 96 143 130 101 92 163 213 138 125 92 101 138 161 219 96 185 129 160 144 132 107 94 131 144 132 107 93 92 163 197 138 125 105 138 125 92 113 92 134 93 109 138 121 219 98 144 132 107 261 92 134 93 105 100 137 115 107 93 100 137 115 162 185 129 172 92 134 90 138 125 109 92 134 98 138 125 97 138 169 219 106 138 161 221 116 100 137 115 107 109 92 134 166 92 134 134 92 134 106 138 125 103 185 129 158 185 129 188 92 134 138 144 132 107 133 92 163 165 138 209 219 138 138 125 137 138 273 219 90 144 132 107 153 144 132 107 173 92 134 142 92 134 166 92 134 104 96 92 147 115 138 241 219 98 138 125 105 138 125 149 92 134 162 138 125 97 138 125 105 138 125 101 100 137 115 130 185 129 140 92 134 254 92 134 98 138 217 219 134 92 134 93 109 138 169 221 164 92 134 90 138 125 103 185 129 164 92 134 186 138 125 101 92 134 142 92 134 134 92 134 150 92 134 246 92 134 118 92 134 102 92 134 104 196 128 93 101 92 134 122 138 145 219 93 109 138 153 221 128 138 125 94 171 138 153 221 140 92 134 134 92 134 176 185 129 172 92 134 142 92 134 130 138 125 92 109 138 209 219 136 196 152 108 136 196 147 147 296 138 125 100 115 196 128 100 96 92 147 99 138 125 173 92 134 93 101 138 129 221 220 92 134 130 138 129 221 140 92 134 98 138 125 121 138 125 103 96 143 130 101 92 134 170 138 125 103 196 128 98 96 240 96 252 138 125 149 92 134 94 92 163 181 144 132 107 145 138 125 117 92 134 118 92 134 158 92 134 94 92 163 189 138 185 221 126 185 129 144 138 125 189 92 134 150 92 134 90 138 121 219 158 92 134 120 185 129 150 185 129 158 196 152 108 96 196 136 211 311 92 134 142 92 134 94 92 163 245 138 125 92 93 138 125 94 147 138 125 121 138 265 221 188 92 134 150 92 134 122 138 121 221 108 100 137 115 130 185 129 148 92 134 134 92 134 120 185 129 204 92 134 114 138 153 219 158 92 134 96 96 92 147 107 138 145 221 104 138 125 157 92 134 166 92 134 134 92 134 93 91 196 128 140 185 129 116 92 134 118 92 134 90 138 125 93 92 163 241 92 134 158 92 134 142 92 134 90 138 125 97 138 125 153 138 125 105 138 125 92 97 92 134 170 138 145 221 156 92 134 160 185 129 124 92 163 173 138 185 219 118 92 134 138 138 169 221 124 92 134 126 92 134 138 138 129 219 90 138 153 221 120 138 161 221 112 144 132 107 127 185 129 112 138 125 92 109 138 129 221 112 144 132 107 97 138 121 221 104 138 177 219 90 138 161 219 95 115 138 145 219 95 179 138 129 219 162 138 161 219 118 92 134 182 92 134 102 92 134 98 144 132 107 94 179 138 125 109 92 134 118 100 137 115 112 100 137 115 186 185 129 152 138 125 103 185 129 172 92 134 98 144 132 107 97 144 132 107 233 144 132 107 159 196 152 108 166 92 134 93 93 138 125 141 92 134 128 185 129 120 138 137 221 158 196 136 211 219 138 125 95 196 128 162 92 134 118 92 134 90 138 125 133 92 134 93 91 185 129 134 185 129 144 144 132 107 121 138 125 101 100 137 115 168 92 134 130 138 125 93 96 240 96 248 92 134 126 92 134 134 92 134 95 187 138 121 221 96 138 125 133 92 134 146 144 132 107 119 185 129 182 185 129 140 92 134 122 138 125 105 138 129 219 198 92 134 120 196 136 211 203 138 125 97 138 129 221 168 138 125 103 185 129 112 144 132 107 175 196 152 108 182 96 240 96 272 92 163 153 100 137 115 178 196 147 147 288 144 132 107 125 92 134 126 92 134 95 98 101 92 134 134 92 134 93 101 138 125 145 138 125 93 92 163 181 138 145 219 174 92 134 96 196 128 156 196 136 211 259 138 313 219 162 138 125 197 92 134 114 138 177 221 164 96 240 96 304 92 134 142 92 134 158 92 134 93 113 92 134 106 138 125 303 196 147 147 264 138 169 221 100 92 163 229 138 121 219 146 138 125 101 92 134 122 138 125 94 179 138 125 193 138 121 219 154 138 125 92 93 138 121 221 160 138 169 219 94 92 163 245 138 125 145 138 125 189 92 134 134 92 134 93 93 138 121 221 108 92 134 122 144 132 107 143 185 129 92 92 134 158 92 134 118 92 163 161 92 134 106 138 125 121 138 137 219 95 163 138 125 167 196 152 108 138 138 125 133 92 134 118 100 137 115 106 196 136 211 275 138 125 97 138 125 121 138 121 221 148 92 134 94 92 163 189 138 121 219 192 185 129 91 117 138 153 219 170 138 145 221 156 92 134 120 185 129 144 144 132 107 157 96 224 96 220 144 132 107 137 144 132 107 143 185 129 188 92 134 144 185 129 104 138 177 221 120 138 169 221 182 196 147 147 248 138 169 221 120 138 125 103 185 129 160 144 132 107 119 185 129 100 92 163 265 92 134 166 92 134 102 100 137 115 107 111 96 143 130 92 105 92 134 93 101 138 125 185 138 125 101 92 134 146 138 125 129 138 137 219 93 105 92 134 122 144 132 107 133 92 134 120 185 129 220 92 134 90 138 161 221 128 138 125 92 93 138 125 149 92 134 160 196 152 108 93 101 138 145 221 196 92 134 174 92 134 94 92 163 197 138 125 125 92 134 144 185 129 160 144 132 107 125 100 137 115 106 196 128 162 92 134 114 138 125 109 92 134 158 92 134 118 92 134 122 144 132 107 92 101 138 125 105 138 125 92 107 96 143 130 133 92 134 90 138 125 141 92 134 96 196 128 138 92 134 90 144 132 107 157 92 134 128 196 146 130 181 100 101 92 134 118 92 134 102 92 134 182 92 134 96 185 129 160 138 125 165 92 134 93 93 138 125 105 138 121 221 104 144 132 107 92 93 138 129 221 160 138 125 92 93 138 125 97 138 125 137 138 137 219 118 92 134 96 196 146 130 250 138 125 133 92 134 162 138 145 219 150 92 134 142 96 240 96 266 185 129 132 92 134 184 185 129 116 100 137 115 200 92 134 94 92 163 173 138 125 105 138 121 221 252 92 134 146 138 121 219 95 163 138 129 221 108 92 134 158 92 134 90 138 125 149 92 134 93 105 92 134 152 185 129 104 138 161 219 90 138 125 92 117 138 137 219 242 138 125 94 91 138 125 92 93 138 125 92 113 92 134 98 138 121 219 130 144 132 107 100 177 92 134 93 107 196 136 211 251 138 145 221 164 92 134 112 196 152 108 178 138 153 221 100 92 163 189 138 249 219 130 138 125 92 93 138 125 165 92 134 112 96 92 147 99 138 125 92 113 92 134 98 138 265 219 130 138 125 92 93 138 125 141 92 134 96 185 129 140 92 134 166 92 134 95 163 138 125 135 196 152 108 198 92 134 232 196 152 108 114 138 125 149 92 134 104 96 92 147 103 92 134 93 93 138 145 219 214 92 134 102 100 137 115 120 100 137 115 132 144 132 107 181 92 134 93 115 196 136 211 195 138 129 221 124 100 137 115 136 100 137 115 116 138 169 221 156 92 134 118 92 134 134 92 134 106 144 132 107 117 92 134 90 138 125 141 92 134 162 138 125 95 196 128 90 92 163 213 138 125 105 138 121 221 150 185 129 104 138 185 221 124 96 224 96 290 185 129 168 138 125 95 196 128 124 185 129 120 138 201 219 126 92 134 126 92 134 114 138 137 219 93 97 100 137 115 192 92 134 166 92 134 144 185 129 120 138 129 219 134 92 134 150 92 134 95 183 92 134 198 92 134 102 92 134 158 92 134 146 138 125 105 138 125 94 171 138 153 219 114 138 185 219 98 138 121 219 102 100 137 115 116 144 132 107 101 92 163 209 92 134 150 92 134 106 138 125 149 92 134 134 92 134 112 185 129 228 92 134 93 97 92 163 161 96 240 96 228 138 125 92 91 185 129 112 144 132 107 121 138 125 121 138 125 109 92 134 154 138 145 221 188 92 134 110 92 163 177 100 137 115 138 185 129 254 185 129 112 138 153 221 102 196 128 91 195 138 121 219 95 171 138 137 221 120 138 125 109 92 163 165 138 137 219 162 138 125 93 92 163 155 185 129 100 100 137 115 136 92 134 134 92 134 94 92 163 245 138 125 92 113 100 137 115 108 138 125 92 113 100 137 115 146 185 129 180 92 134 106 138 125 105 138 201 219 98 138 125 141 92 163 169 100 137 115 106 185 129 152 144 132 107 157 92 134 118 92 134 154 138 125 137 138 153 221 110 96 92 147 179 138 125 92 105 96 240 96 236 138 125 117 92 134 198 92 134 93 105 100 137 115 184 92 134 126 92 134 118 92 134 142 92 134 142 92 134 134 92 134 95 171 144 132 107 113 144 132 107 189 92 134 214 92 134 130 138 129 221 136 138 125 141 92 134 95 155 144 132 107 105 138 125 92 109 138 185 221 112 138 121 221 124 92 134 142 92 134 128 196 152 108 118 92 163 161 92 163 177 92 134 136 185 129 188 92 134 134 92 134 134 96 240 96 346 185 129 120 138 137 219 130 138 125 92 93 138 137 221 172 92 134 114 144 132 107 94 163 138 193 221 104 138 137 219 134 92 134 134 96 224 96 250 185 129 208 144 132 107 105 138 125 105 138 125 101 100 137 115 128 92 134 134 92 134 93 101 138 125 141 92 134 158 92 134 93 105 92 134 150 92 134 136 185 129 104 138 145 221 212 92 134 142 92 134 134 92 134 94 100 137 115 107 105 138 125 199 196 152 108 190 92 134 102 92 134 138 144 132 107 97 138 169 219 142 92 134 118 92 134 154 138 137 219 102 96 240 96 200 92 134 138 138 125 93 96 240 96 240 92 134 152 185 129 96 144 132 107 181 92 134 130 138 125 92 109 138 193 219 95 163 144 132 107 92 109 138 209 219 95 153 185 129 168 138 125 97 138 125 125 92 134 256 196 147 147 468 92 134 102 100 137 115 146 185 129 112 138 121 221 172 92 134 104 96 92 147 175 92 134 93 101 138 125 101 92 134 134 92 134 176 185 129 92 92 163 289 96 240 96 240 92 163 165 138 137 221 104 138 121 219 94 92 163 157 144 132 107 113 138 137 219 94 100 137 115 106 196 128 98 92 163 165 138 125 165 92 134 134 92 134 176 185 129 166 185 129 116 100 137 115 224 92 134 128 185 129 212 92 134 186 144 132 107 121 138 153 221 93 203 138 161 221 176 138 125 95 196 147 147 328 138 169 221 91 117 138 177 219 166 92 134 166 92 134 102 100 137 115 105 123 144 132 107 97 138 125 113 138 125 137 138 161 221 92 92 134 96 196 128 93 113 138 129 221 150 196 136 211 335 92 134 95 155 138 125 113 138 125 92 101 138 185 221 100 92 134 106 144 132 107 94 167 92 134 112 185 129 244 92 134 158 92 134 112 185 129 156 92 134 122 138 125 92 117 138 145 221 172 92 134 96 96 143 130 92 97 92 134 198 92 134 95 179 138 125 92 117 138 137 219 130 138 125 133 96 240 96 220 138 125 113 138 129 221 91 93 138 125 113 138 161 219 136 196 152 108 142 92 163 177 92 134 206 92 134 104 96 92 147 97 185 129 158 185 129 156 92 134 146 138 125 97 138 185 219 146 138 125 145 138 137 219 130 138 125 92 93 138 125 95 96 143 130 92 97 92 134 186 138 161 221 134 185 129 148 92 134 186 138 121 221 156 92 134 150 92 134 144 185 129 152 138 125 93 92 134 94 92 134 104 185 129 168 138 125 105 138 125 157 92 134 93 101 138 125 113 138 169 219 102 100 137 115 146 185 129 92 92 134 106 138 161 219 238 92 134 130 138 137 219 93 101 138 125 125 92 134 94 92 163 281 92 134 118 96 224 96 204 144 132 107 153 138 145 219 166 96 224 96 272 92 134 158 92 163 165 138 161 221 128 138 125 92 93 138 225 221 120 138 125 111 96 143 130 92 105 92 134 152 185 129 136 138 125 92 109 138 185 221 104 138 125 101 92 163 161 92 163 165 138 125 181 92 134 93 101 138 129 221 212 92 134 98 138 125 92 117 138 129 221 96 138 125 109 92 134 90 138 201 221 140 92 134 94 100 137 115 106 196 128 198 138 125 103 185 129 116 92 134 104 185 129 206 185 129 